# x                 z                y
8.6365696695000 -941.3712991785220 10.0000000000000
7.2057903120600 -941.3905510792349 10.0000000000000
5.8601954657800 -941.4089264790063 10.0000000000000
4.5937853420700 -941.4264223610036 10.0000000000000
3.3984050407800 -941.4431600892528 10.0000000000000
2.2684204757200 -941.4591524723822 10.0000000000000
2.2668062286200 -941.4591755892602 10.0000000000000
1.3652655302800 -941.4721217848023 10.0000000000000
0.6355183964840 -941.4827455058535 10.0000000000000
0.5074045520230 -941.4846147572522 10.0000000000000
-0.3077565872040 -941.4965528467632 10.0000000000000
-1.0818869083500 -941.5080367716670 10.0000000000000
-1.8176795874500 -941.5190895533732 10.0000000000000
-2.5161637267500 -941.5296700664434 10.0000000000000
-3.1809079346600 -941.5398524716846 10.0000000000000
-3.8127753989400 -941.5496287860316 10.0000000000000
-4.4121040129800 -941.5590042189913 10.0000000000000
  
8.6327459973000 -941.3713536989250 30.1000000000000
7.2035626691400 -941.3905840896620 30.1000000000000
5.8586880921000 -941.4089497524234 30.1000000000000
4.5927280553100 -941.4264393952806 30.1000000000000
3.3976471437200 -941.4431729274502 30.1000000000000
2.2679383804700 -941.4591612563823 30.1000000000000
2.2663245786000 -941.4591843665852 30.1000000000000
1.3649160598400 -941.4721286776723 30.1000000000000
0.6352433981250 -941.4827514237281 30.1000000000000
0.5071468616720 -941.4846204233241 30.1000000000000
-0.3079027163620 -941.4965568413188 30.1000000000000
-1.0819367391100 -941.5080393389272 30.1000000000000
-1.8176397103200 -941.5190908181600 30.1000000000000
-2.5160345190700 -941.5296699604295 30.1000000000000
-3.1806916020500 -941.5398510257335 30.1000000000000
-3.8124697711900 -941.5496259361233 30.1000000000000
-4.4117106141500 -941.5589999669000 30.1000000000000
  
8.6235867107300 -941.3715000272392 50.2000000000000
7.1967459278800 -941.3906990445481 50.2000000000000
5.8533183039700 -941.4090455715163 50.2000000000000
4.5885997151800 -941.4265179612796 50.2000000000000
3.3945341461400 -941.4432372314564 50.2000000000000
2.2658414894200 -941.4592102354255 50.2000000000000
2.2642293004200 -941.4592333205759 50.2000000000000
1.3634427071600 -941.4721687597788 50.2000000000000
0.6342217969540 -941.4827856562335 50.2000000000000
0.5062159757440 -941.4846533343334 50.2000000000000
-0.3082590049740 -941.4965810497980 50.2000000000000
-1.0817333964500 -941.5080552464684 50.2000000000000
-1.8168681686500 -941.5190985053439 50.2000000000000
-2.5147015528200 -941.5296690054790 50.2000000000000
-3.1787817819700 -941.5398412145623 50.2000000000000
-3.8099571369500 -941.5496066831685 50.2000000000000
-4.4085927299900 -941.5589710700988 50.2000000000000
  
8.6123579261400 -941.3717118811948 70.3000000000000
7.1883860207700 -941.3908726842803 70.3000000000000
5.8469946902600 -941.4091926868152 70.3000000000000
4.5841093504600 -941.4266395687247 70.3000000000000
3.3916702945800 -941.4433359635256 70.3000000000000
2.2645732634500 -941.4592844452536 70.3000000000000
2.2629635602500 -941.4593074909266 70.3000000000000
1.3633367549500 -941.4722263697307 70.3000000000000
0.6351126345020 -941.4828303418547 70.3000000000000
0.5072857030620 -941.4846954136702 70.3000000000000
-0.3061095692780 -941.4966065885853 70.3000000000000
-1.0784347223600 -941.5080637339078 70.3000000000000
-1.8123363129900 -941.5190891834219 70.3000000000000
-2.5089881435700 -941.5296414756758 70.3000000000000
-3.1718301367400 -941.5397946856834 70.3000000000000
-3.8017171222600 -941.5495400281906 70.3000000000000
-4.3990630276300 -941.5588838673686 70.3000000000000
  
8.6024768452000 -941.3719529123246 90.4000000000000
7.1817891946900 -941.3910700775922 90.4000000000000
5.8429226849900 -941.4093574377262 90.4000000000000
4.5823236478300 -941.4267724874026 90.4000000000000
3.3919884086600 -941.4434392770988 90.4000000000000
2.2669051469500 -941.4593564860215 90.4000000000000
2.2652985470700 -941.4593794818858 90.4000000000000
1.3672668502300 -941.4722755778173 90.4000000000000
0.6405132768010 -941.4828605140299 90.4000000000000
0.5129365048220 -941.4847219453103 90.4000000000000
-0.2990041660070 -941.4966106343400 90.4000000000000
-1.0697201627100 -941.5080439086504 90.4000000000000
-1.8018699948200 -941.5190441322652 90.4000000000000
-2.4968848977900 -941.5295711689835 90.4000000000000
-3.1580167387000 -941.5396981336999 90.4000000000000
-3.7861454536000 -941.5494160238694 90.4000000000000
-4.3817526628800 -941.5587321020646 90.4000000000000
  
8.5957381854900 -941.3722034272109 110.5100000000000
7.1786303097000 -941.3912730738775 110.5100000000000
5.8426315791300 -941.4095235262571 110.5100000000000
4.5846218893500 -941.4269025018298 110.5100000000000
3.3967033159900 -941.4435352703423 110.5100000000000
2.2738934654000 -941.4594169003190 110.5100000000000
2.2722903485200 -941.4594398398536 110.5100000000000
1.3761278088200 -941.4723092443116 110.5100000000000
0.6511436725410 -941.4828714247606 110.5100000000000
0.5238601650090 -941.4847285945021 110.5100000000000
-0.2864132295860 -941.4965912984129 110.5100000000000
-1.0552577110200 -941.5079968180044 110.5100000000000
-1.7853679687500 -941.5189677908373 110.5100000000000
-2.4785080524800 -941.5294658544399 110.5100000000000
-3.1376935017400 -941.5395629347403 110.5100000000000
-3.7638393464100 -941.5492498545431 110.5100000000000
-4.3575048409100 -941.5585348390066 110.5100000000000
  
8.5926795620400 -941.3724573518800 130.6100000000000
7.1793243740200 -941.3914772043451 130.6100000000000
5.8463907087300 -941.4096883596349 130.6100000000000
4.5911362062400 -941.4270289245999 130.6100000000000
3.4058006868300 -941.4436253156780 130.6100000000000
2.2853937477300 -941.4594690710750 130.6100000000000
2.2837943013400 -941.4594919508188 130.6100000000000
1.3896385102500 -941.4723327115079 130.6100000000000
0.6665731848370 -941.4828704413876 130.6100000000000
0.5396034256190 -941.4847230587065 130.6100000000000
-0.2689092631020 -941.4965581103905 130.6100000000000
-1.0357665518200 -941.5079341687820 130.6100000000000
-1.7637148918800 -941.5188742771454 130.6100000000000
-2.4548876136500 -941.5293418828469 130.6100000000000
-3.1120404697100 -941.5394077393413 130.6100000000000
-3.7361275643900 -941.5490624815609 130.6100000000000
-4.3277895600900 -941.5583152858811 130.6100000000000
  
8.5931632727800 -941.3727162155326 150.7100000000000
7.1836473129000 -941.3916851360361 150.7100000000000
5.8538750964500 -941.4098559028031 150.7100000000000
4.6014509583600 -941.4271569816655 150.7100000000000
3.4187708305600 -941.4437159624501 150.7100000000000
2.3008168760300 -941.4595207916450 150.7100000000000
2.2992211719100 -941.4595436100049 150.7100000000000
1.4071267972500 -941.4723549617125 150.7100000000000
0.6860398326530 -941.4828677368860 150.7100000000000
0.5593912102810 -941.4847157010687 150.7100000000000
-0.2473328259730 -941.4965224633521 150.7100000000000
-1.0121673662100 -941.5078685419966 150.7100000000000
-1.7379190346600 -941.5187774315840 150.7100000000000
-2.4271048971900 -941.5292142233213 150.7100000000000
-3.0822114704800 -941.5392486303433 150.7100000000000
-3.7042330974200 -941.5488710639581 150.7100000000000
-4.2938924710000 -941.5580916116760 150.7100000000000
  
8.5968010240300 -941.3729839812868 170.8100000000000
7.1911554672300 -941.3919015635533 170.8100000000000
5.8645786244800 -941.4100316459154 170.8100000000000
4.6150059464400 -941.4272929175177 170.8100000000000
3.4349990918000 -941.4438142223682 170.8100000000000
2.3195039410000 -941.4595797866116 170.8100000000000
2.3179119872600 -941.4596025430593 170.8100000000000
1.4278882095400 -941.4723843701722 170.8100000000000
0.7087907016340 -941.4828723037828 170.8100000000000
0.5824637338850 -941.4847156132569 170.8100000000000
-0.2224767284940 -941.4964939874532 170.8100000000000
-0.9852929687980 -941.5078101600703 170.8100000000000
-1.7088556715100 -941.5186880730215 170.8100000000000
-2.3960689829000 -941.5290942227791 170.8100000000000
-3.0491479201300 -941.5390974530510 170.8100000000000
-3.6691270552400 -941.5486879102956 170.8100000000000
-4.2568102999800 -941.5578765482686 170.8100000000000
  
8.6031536247800 -941.3732649150018 190.9100000000000
7.2013780718300 -941.3921311702301 190.9100000000000
5.8779957430800 -941.4102207068341 190.9100000000000
4.6312665661600 -941.4274422571253 190.9100000000000
3.4539223740700 -941.4439260227283 190.9100000000000
2.3408696592800 -941.4596523587219 190.9100000000000
2.3392814326500 -941.4596750532893 190.9100000000000
1.4513148094800 -941.4724275619981 190.9100000000000
0.7341940802930 -941.4828910491234 190.9100000000000
0.6081860244010 -941.4847297488824 190.9100000000000
-0.1949908796560 -941.4964798955000 190.9100000000000
-0.9558112125130 -941.5077665008196 190.9100000000000
-1.6772110587600 -941.5186139262184 190.9100000000000
-2.3624798658700 -941.5289898253710 190.9100000000000
-3.0135622696600 -941.5389623450087 190.9100000000000
-3.6315326171500 -941.5485213265434 190.9100000000000
-4.2172747029900 -941.5576785506908 190.9100000000000
  
8.6118139093200 -941.3735627316986 211.0100000000000
7.2138912886800 -941.3923778913746 211.0100000000000
5.8936846408900 -941.4104272374826 211.0100000000000
4.6497766461100 -941.4276093552448 211.0100000000000
3.4750708426500 -941.4440559120532 211.0100000000000
2.3644341896000 -941.4597432421177 211.0100000000000
2.3628496531100 -941.4597658751144 211.0100000000000
1.4769165471400 -941.4724894155329 211.0100000000000
0.7617493443390 -941.4829289585125 211.0100000000000
0.6360560829340 -941.4847631127697 211.0100000000000
-0.1653830629750 -941.4964853066186 211.0100000000000
-0.9242367712370 -941.5077427845536 211.0100000000000
-1.6435065214200 -941.5185602902444 211.0100000000000
-2.3268631598200 -941.5289064031587 211.0100000000000
-2.9759834984400 -941.5388487318878 211.0100000000000
-3.5919810627300 -941.5483767757228 211.0100000000000
-4.1758181021800 -941.5575031117837 211.0100000000000
  
8.6224323128400 -941.3738803813799 231.1100000000000
7.2283375706000 -941.3926447821900 231.1100000000000
5.9112793755800 -941.4106543868605 231.1100000000000
4.6701640194000 -941.4277974503178 231.1100000000000
3.4980666920900 -941.4442072095517 231.1100000000000
2.3898161100300 -941.4598558391648 231.1100000000000
2.3882352221800 -941.4598784110251 231.1100000000000
1.5043082487700 -941.4725733851138 231.1100000000000
0.7910675013170 -941.4829895076011 231.1100000000000
0.6656844859410 -941.4848191861907 231.1100000000000
-0.1340440479170 -941.4965137435498 231.1100000000000
-0.8909619911780 -941.5077425565396 231.1100000000000
-1.6081355476300 -941.5185307121191 231.1100000000000
-2.2896123854700 -941.5288475094493 231.1100000000000
-2.9368045335500 -941.5387601594898 231.1100000000000
-3.5508640804100 -941.5482577859323 231.1100000000000
-4.1328303929500 -941.5573537403468 231.1100000000000
  
8.6347186110700 -941.3742200848189 251.2100000000000
7.2444235680100 -941.3929341043269 251.2100000000000
5.9304834532500 -941.4109044442073 251.2100000000000
4.6921303015700 -941.4280088603869 251.2100000000000
3.5226100826500 -941.4443822550274 251.2100000000000
2.4167151834000 -941.4599925189270 251.2100000000000
2.4151379026900 -941.4600150301328 251.2100000000000
1.5331891536600 -941.4726818458197 251.2100000000000
0.8218473077750 -941.4830750529715 251.2100000000000
0.6967700121750 -941.4849003248715 251.2100000000000
-0.1012743504960 -941.4965675678774 251.2100000000000
-0.8562865314400 -941.5077681649343 251.2100000000000
-1.5713964930100 -941.5185275089901 251.2100000000000
-2.2510241477800 -941.5288154391168 251.2100000000000
-2.8963198105900 -941.5386988906769 251.2100000000000
-3.5084735490800 -941.5481665818075 251.2100000000000
-4.0886006619200 -941.5572326238241 251.2100000000000
  
8.6484351395000 -941.3745834480682 271.3100000000000
7.2619111086400 -941.3932474700845 271.3100000000000
5.9510583364800 -941.4111790152906 271.3100000000000
4.7154372812800 -941.4282451888248 271.3100000000000
3.5484634355800 -941.4445826440756 271.3100000000000
2.4448949669800 -941.4601548787060 271.3100000000000
2.4433212539700 -941.4601773297463 271.3100000000000
1.5633238276100 -941.4728163792787 271.3100000000000
0.8538544089450 -941.4831871412288 271.3100000000000
0.7290785326640 -941.4850080716981 271.3100000000000
-0.0673065302186 -941.4966483117272 271.3100000000000
-0.8204410808790 -941.5078211135174 271.3100000000000
-1.5335177772000 -941.5185521418998 271.3100000000000
-2.2113244908200 -941.5288116203758 271.3100000000000
-2.8547527168500 -941.5386663139057 271.3100000000000
-3.4650299687200 -941.5481045083873 271.3100000000000
-4.0433464490100 -941.5571410658363 271.3100000000000
  
8.6633879435100 -941.3749715872304 291.4100000000000
7.2806070755700 -941.3935859840502 291.4100000000000
5.9728119433400 -941.4114791817593 291.4100000000000
4.7398942653400 -941.4285074997706 291.4100000000000
3.5754376564700 -941.4448094193115 291.4100000000000
2.4741681569700 -941.4603439493844 291.4100000000000
2.4725979750900 -941.4603663407355 291.4100000000000
1.5945266305000 -941.4729779915374 291.4100000000000
0.8869048994400 -941.4833267383261 291.4100000000000
0.7624264462180 -941.4851433878446 291.4100000000000
-0.0323223337075 -941.4967569184862 291.4100000000000
-0.7836051891720 -941.5079023125877 291.4100000000000
-1.4946764153300 -941.5186054764010 291.4100000000000
-2.1706879573300 -941.5288368837126 291.4100000000000
-2.8122751310800 -941.5386632195856 291.4100000000000
-3.4207024186800 -941.5480723139533 291.4100000000000
-3.9972340413900 -941.5570797747203 291.4100000000000
  
8.6794265741700 -941.3753854515014 311.5200000000000
7.3003643368300 -941.3939505511017 311.5200000000000
5.9956003211800 -941.4118057999467 311.5200000000000
4.7653604599100 -941.4287966070040 311.5200000000000
3.6033951596300 -941.4450633501497 311.5200000000000
2.5044002899800 -941.4605604641624 311.5200000000000
2.5028336074300 -941.4605827962511 311.5200000000000
1.6266659162500 -941.4731673747100 311.5200000000000
0.9208699710210 -941.4834944859567 311.5200000000000
0.7966854112610 -941.4853069079504 311.5200000000000
0.0035525627634 -941.4968939896639 311.5200000000000
-0.7459014269490 -941.5080123172002 311.5200000000000
-1.4549915168900 -941.5186880114668 311.5200000000000
-2.1292304377200 -941.5288916807207 311.5200000000000
-2.7689995688400 -941.5386900081076 311.5200000000000
-3.3755999575200 -941.5480703462755 311.5200000000000
-3.9503691162900 -941.5570490476501 311.5200000000000
  
8.6964044540300 -941.3758250778826 331.6200000000000
7.3210343407800 -941.3943412341288 331.6200000000000
6.0192738202000 -941.4121589389018 331.6200000000000
4.7916855087600 -941.4291125909416 331.6200000000000
3.6321851633100 -941.4453445238307 331.6200000000000
2.5354403071100 -941.4608045277565 331.6200000000000
2.5338770915500 -941.4608268010451 331.6200000000000
1.6595905979900 -941.4733846330490 331.6200000000000
0.9555986378530 -941.4836904728209 331.6200000000000
0.8317044599030 -941.4854987201657 331.6200000000000
0.0401673442607 -941.4970596197019 331.6200000000000
-0.7074803599860 -941.5081512176865 331.6200000000000
-1.4146133189300 -941.5187998260379 331.6200000000000
-2.0871018001500 -941.5289760870535 331.6200000000000
-2.7250754796200 -941.5387467493299 331.6200000000000
-3.3298715815400 -941.5480986697204 331.6200000000000
-3.9029002108900 -941.5570489452592 331.6200000000000
  
8.7142209852900 -941.3762908968704 351.7200000000000
7.3425201123800 -941.3947584153641 351.7200000000000
6.0437389195700 -941.4125389310559 351.7200000000000
4.8187791458700 -941.4294557396915 351.7200000000000
3.6617206274900 -941.4456531836280 351.7200000000000
2.5672041770300 -941.4610763449541 351.7200000000000
2.5656444004700 -941.4610985598515 351.7200000000000
1.6932193611100 -941.4736299319587 351.7200000000000
0.9910122970470 -941.4839148199466 351.7200000000000
0.8674054232450 -941.4857189390287 351.7200000000000
0.0774462587831 -941.4972538909750 351.7200000000000
-0.6684149425980 -941.5083190546546 351.7200000000000
-1.3736117115500 -941.5189409124554 351.7200000000000
-2.0443691453600 -941.5290900534724 351.7200000000000
-2.6805670825600 -941.5388333501637 351.7200000000000
-3.2835786010000 -941.5481571469035 351.7200000000000
-3.8548858201500 -941.5570792873318 351.7200000000000
  
8.7327854804400 -941.3767829769502 371.8200000000000
7.3647326715100 -941.3952021404646 371.8200000000000
6.0689084989700 -941.4129457931517 371.8200000000000
4.8465560538900 -941.4298260458339 371.8200000000000
3.6919180804600 -941.4459892966772 371.8200000000000
2.5996101486900 -941.4613758639483 371.8200000000000
2.5980537855100 -941.4613980208424 371.8200000000000
1.7274720740900 -941.4739031959691 371.8200000000000
1.0270324610800 -941.4841674219779 371.8200000000000
0.9037100739870 -941.4859674552280 371.8200000000000
0.1153125287960 -941.4974766766695 371.8200000000000
-0.6287802619400 -941.5085156759660 371.8200000000000
-1.3320599338900 -941.5191110880595 371.8200000000000
-2.0011040265800 -941.5292333726661 371.8200000000000
-2.6355441926800 -941.5389495769745 371.8200000000000
-3.2367890815800 -941.5482455179938 371.8200000000000
-3.8063923196300 -941.5571397890377 371.8200000000000
  
8.7520212769400 -941.3773012654377 391.9200000000000
7.3875969556900 -941.3956723353714 391.9200000000000
6.0947092290400 -941.4133794245745 391.9200000000000
4.8749445642400 -941.4302233864347 391.9200000000000
3.7227075429000 -941.4463527167283 391.9200000000000
2.6325898055400 -941.4617029208021 391.9200000000000
2.6310368322100 -941.4617250200583 391.9200000000000
1.7622817890400 -941.4742042397141 391.9200000000000
1.0635936656000 -941.4844480670715 391.9200000000000
0.9405531815670 -941.4862440533752 391.9200000000000
0.1537022237400 -941.4977277454103 391.9200000000000
-0.5886387391280 -941.5087408276422 391.9200000000000
-1.2900187664100 -941.5193100719470 391.9200000000000
-1.9573657318700 -941.5294057418340 391.9200000000000
-2.5900645652400 -941.5390951037331 391.9200000000000
-3.1895592411100 -941.5483634339673 391.9200000000000
-3.7574744445800 -941.5572300793217 391.9200000000000
  
8.7718629422900 -941.3778456196673 412.0200000000000
7.4110490078300 -941.3961688377208 412.0200000000000
6.1210787439000 -941.4138396388386 412.0200000000000
4.9038838247700 -941.4306475546264 412.0200000000000
3.7540296953500 -941.4467432157342 412.0200000000000
2.6660852402000 -941.4620572711451 412.0200000000000
2.6645356349900 -941.4620793131110 412.0200000000000
1.7975919229100 -941.4745327995254 412.0200000000000
1.1006406586300 -941.4847564681445 412.0200000000000
0.9778797033860 -941.4865484432183 412.0200000000000
0.1925614660650 -941.4980067924026 412.0200000000000
-0.5480429049840 -941.5089941847314 412.0200000000000
-1.2475392833000 -941.5195375153781 412.0200000000000
-1.9132040116200 -941.5296067927611 412.0200000000000
-2.5441765947100 -941.5392695416656 412.0200000000000
-3.1419361170100 -941.5485104857748 412.0200000000000
-3.7081779250400 -941.5573497296250 412.0200000000000
  
8.7922541102500 -941.3784158304018 432.1200000000000
7.4350338110100 -941.3966914202701 432.1200000000000
6.1479634766400 -941.4143261868985 432.1200000000000
4.9333216416800 -941.4310982828450 432.1200000000000
3.7858337297800 -941.4471605069662 432.1200000000000
2.7000469191600 -941.4624386132665 432.1200000000000
2.6985006619600 -941.4624605982717 432.1200000000000
1.8333541345700 -941.4748885563332 432.1200000000000
1.1381262913900 -941.4850922854015 432.1200000000000
1.0156426781700 -941.4868802821254 432.1200000000000
0.2318443406520 -941.4983134617945 432.1200000000000
-0.5070374710110 -941.5092753733734 432.1200000000000
-1.2046648998100 -941.5197930234173 432.1200000000000
-1.8686611023600 -941.5298361131280 432.1200000000000
-2.4979213129300 -941.5394724601756 432.1200000000000
-3.0939595369200 -941.5486862248430 432.1200000000000
-3.6585414288100 -941.5574982740036 432.1200000000000
  
8.8131458030000 -941.3790116394001 452.2200000000000
7.4595036167600 -941.3972398083772 452.2200000000000
6.1753169957800 -941.4148387744401 452.2200000000000
4.9632128273800 -941.4315752599816 452.2200000000000
3.8180757109100 -941.4476042619810 452.2200000000000
2.7344320587100 -941.4628466049970 452.2200000000000
2.7328891308100 -941.4628685333539 452.2200000000000
1.8695267147100 -941.4752711523394 452.2200000000000
1.1760099233700 -941.4854551426509 452.2200000000000
1.0538016336900 -941.4872391913630 452.2200000000000
0.2715113177030 -941.4986473628136 452.2200000000000
-0.4656608880430 -941.5095839866621 452.2200000000000
-1.1614329092500 -941.5200761704041 452.2200000000000
-1.8237732432100 -941.5300932616960 452.2200000000000
-2.4513338833700 -941.5397034016997 452.2200000000000
-3.0456635898100 -941.5488901775784 452.2200000000000
-3.6085980098000 -941.5576752233081 452.2200000000000
  
8.8344951242400 -941.3796327526258 472.3200000000000
7.4844166477100 -941.3978136930796 472.3200000000000
6.2030987192900 -941.4153770747464 472.3200000000000
4.9935179272100 -941.4320781440821 472.3200000000000
3.8507173170300 -941.4480741231304 472.3200000000000
2.7692033799800 -941.4632808761094 472.3200000000000
2.7676637639200 -941.4633027481148 472.3200000000000
1.9060733545700 -941.4756802032141 472.3200000000000
1.2142562057800 -941.4858446391886 472.3200000000000
1.0923213726100 -941.4876247679418 472.3200000000000
0.3115280519650 -941.4990080814825 472.3200000000000
-0.4239465306460 -941.5099195961088 472.3200000000000
-1.1178756484600 -941.5203865110965 472.3200000000000
-1.7785718239200 -941.5303777791997 472.3200000000000
-2.4044447306300 -941.5399618923203 472.3200000000000
-2.9970777364400 -941.5491218556897 472.3200000000000
-3.5583761998200 -941.5578800752401 472.3200000000000
  
8.8562642351300 -941.3802788502118 492.4200000000000
7.5097360838300 -941.3984127409228 492.4200000000000
6.2312729127300 -941.4159407383137 492.4200000000000
5.0242022301700 -941.4326065717975 492.4200000000000
3.8837248642400 -941.4485697128273 492.4200000000000
2.8043281460100 -941.4637410374753 492.4200000000000
2.8027918254900 -941.4637628534122 492.4200000000000
1.9429621954500 -941.4761153070720 492.4200000000000
1.2528341443400 -941.4862603584992 492.4200000000000
1.1311710373900 -941.4880365932834 492.4200000000000
0.3518644592220 -941.4993951891666 492.4200000000000
-0.3819236065370 -941.5102817599826 492.4200000000000
-1.0740213911600 -941.5207235887285 492.4200000000000
-1.7330842635600 -941.5306891961990 492.4200000000000
-2.3572804038300 -941.5402474493832 492.4200000000000
-2.9482276571300 -941.5493807635728 492.4200000000000
-3.5079008412500 -941.5581123215238 492.4200000000000
  
8.8784306587900 -941.3809499337985 512.5300000000000
7.5354421343900 -941.3990369178712 512.5300000000000
6.2598221835800 -941.4165296991030 512.5300000000000
5.0552505144700 -941.4331604470789 512.5300000000000
3.9170852109300 -941.4490909058645 512.5300000000000
2.8397951223300 -941.4642269357661 512.5300000000000
2.8382620836700 -941.4642486958747 512.5300000000000
1.9801836701400 -941.4765762866524 512.5300000000000
1.2917357857100 -941.4867021006722 512.5300000000000
1.1703429325700 -941.4884744636898 512.5300000000000
0.3925142809240 -941.4998084607413 512.5300000000000
-0.3395967485170 -941.5106702289974 512.5300000000000
-1.0298730230600 -941.5210871281116 512.5300000000000
-1.6873118683400 -941.5310272133487 512.5300000000000
-2.3098405950000 -941.5405597488289 512.5300000000000
-2.8991114262200 -941.5496665523008 512.5300000000000
-3.4571684479300 -941.5583715885672 512.5300000000000
  
8.9009423516800 -941.3816449851747 532.6300000000000
7.5614800844400 -941.3996852410405 532.6300000000000
6.2886898893800 -941.4171429960518 532.6300000000000
5.0866045015200 -941.4337388322550 532.6300000000000
3.9507386298200 -941.4496367852641 532.6300000000000
2.8755432743600 -941.4647376793366 532.6300000000000
2.8740135015700 -941.4647593839010 532.6300000000000
2.0176757252800 -941.4770622645556 532.6300000000000
1.3308981128700 -941.4871689956294 532.6300000000000
1.2097738850000 -941.4889375112364 532.6300000000000
0.4334135177490 -941.5002470442552 532.6300000000000
-0.2970309013880 -941.5110841650838 532.6300000000000
-0.9854965351200 -941.5214763037144 532.6300000000000
-1.6413215401000 -941.5313910200256 532.6300000000000
-2.2621931486200 -941.5408979947355 532.6300000000000
-2.8497978405100 -941.5499784416641 532.6300000000000
-3.4062487331600 -941.5586571120353 532.6300000000000
  
8.9237833425200 -941.3823639731918 552.7300000000000
7.5878365023100 -941.4003576455613 552.7300000000000
6.3178648370800 -941.4177805347242 552.7300000000000
5.1182550196600 -941.4343416048882 552.7300000000000
3.9846778786400 -941.4502072015063 552.7300000000000
2.9115671311800 -941.4652730920759 552.7300000000000
2.9100406107400 -941.4652947413385 552.7300000000000
2.0554344274300 -941.4775730426328 552.7300000000000
1.3703186723900 -941.4876608249567 552.7300000000000
1.2494616786000 -941.4894255140341 552.7300000000000
0.4745612802990 -941.5007106977322 552.7300000000000
-0.2542254597000 -941.5115233040676 552.7300000000000
-0.9408897177030 -941.5218908278100 552.7300000000000
-1.5951096170700 -941.5317803062148 552.7300000000000
-2.2143329193100 -941.5412618543511 552.7300000000000
-2.8002802670700 -941.5503160759826 552.7300000000000
-3.3551336278400 -941.5589685134225 552.7300000000000
  
8.9469293936500 -941.3831065344133 572.8300000000000
7.6144878623600 -941.4010537584973 572.8300000000000
6.3473242528300 -941.4184419312298 572.8300000000000
5.1501800055200 -941.4349683714528 572.8300000000000
4.0188816050800 -941.4508017511839 572.8300000000000
2.9478460021000 -941.4658327622591 572.8300000000000
2.9463227212600 -941.4658543564518 572.8300000000000
2.0934396920800 -941.4781082003705 572.8300000000000
1.4099779644600 -941.4881771584863 572.8300000000000
1.2893869073400 -941.4899380405018 572.8300000000000
0.5159387039050 -941.5011989823673 572.8300000000000
-0.2111986861680 -941.5119871981625 572.8300000000000
-0.8960701988630 -941.5223302424959 572.8300000000000
-1.5486931400500 -941.5321946052590 572.8300000000000
-2.1662763520100 -941.5416508519586 572.8300000000000
-2.7505745552900 -941.5506789706661 572.8300000000000
-3.3038384047400 -941.5593052993343 572.8300000000000
  
8.9703585837300 -941.3838723033577 592.9299999999999
7.6414128973500 -941.4017732056396 592.9299999999999
6.3770475586300 -941.4191268013446 592.9299999999999
5.1823595331900 -941.4356187388781 592.9299999999999
4.0533305355800 -941.4514200321532 592.9299999999999
2.9843612220200 -941.4664162800491 592.9299999999999
2.9828411687700 -941.4664378193924 592.9299999999999
2.1316734100200 -941.4786673198743 592.9299999999999
1.4498584136000 -941.4887175695535 592.9299999999999
1.3295320816100 -941.4904746626834 592.9299999999999
0.5575287971960 -941.5017114635230 592.9299999999999
-0.1679670205330 -941.5124754045038 592.9299999999999
-0.8510538380200 -941.5227940956740 592.9299999999999
-1.5020874300700 -941.5326334570284 592.9299999999999
-2.1180382217800 -941.5420645191256 592.9299999999999
-2.7006949345300 -941.5510666491499 592.9299999999999
-3.2523767642800 -941.5596669851133 592.9299999999999
  
8.9940510201900 -941.3846609145573 613.0300000000000
7.6685923166900 -941.4025156134895 613.0300000000000
6.4070160969700 -941.4198347623927 613.0300000000000
5.2147755447700 -941.4362923163499 613.0300000000000
4.0880072119600 -941.4520616452554 613.0300000000000
3.0210958933300 -941.4670232391635 613.0300000000000
3.0195790563200 -941.4670447238655 613.0300000000000
2.1701191943700 -941.4792499874613 613.0300000000000
1.4899441212000 -941.4892816364870 613.0300000000000
1.3698813816600 -941.4910349577214 613.0300000000000
0.5993161997950 -941.5022477121540 613.0300000000000
-0.1245453166230 -941.5129874864914 613.0300000000000
-0.8058549571740 -941.5232819423015 613.0300000000000
-1.4553063145300 -941.5330964090925 613.0300000000000
-2.0696318547700 -941.5425023957965 613.0300000000000
-2.6506542298200 -941.5514786439104 613.0300000000000
-3.2007610453100 -941.5600530957864 613.0300000000000
  
9.0179885982000 -941.3854720041691 633.1300000000000
7.6960085704800 -941.4032806107974 633.1300000000000
6.4372129004600 -941.4205654347021 633.1300000000000
5.2474116251800 -941.4369887166963 633.1300000000000
4.1228957714400 -941.4527261956306 633.1300000000000
3.0580346705900 -941.4676532381335 633.1300000000000
3.0565210390900 -941.4676746683937 633.1300000000000
2.2087621698100 -941.4798557948536 633.1300000000000
1.5302206595100 -941.4898689437202 633.1300000000000
1.4104204522200 -941.4916185089590 633.1300000000000
0.6412869807110 -941.5028073058637 633.1300000000000
-0.0809470394156 -941.5135230147833 633.1300000000000
-0.7604865329550 -941.5237933452935 633.1300000000000
-1.4083623148400 -941.5335830175637 633.1300000000000
-2.0210693113400 -941.5429640310698 633.1300000000000
-2.6004640405300 -941.5519144971754 633.1300000000000
-3.1490023995300 -941.5604631667087 633.1300000000000
  
9.0421547968700 -941.3863052112346 653.2300000000000
7.7236456501600 -941.4040678297658 653.2300000000000
6.4676224973900 -941.4213184427288 653.2300000000000
5.2802528122300 -941.4377075574535 653.2300000000000
4.1579817612800 -941.4534132937194 653.2300000000000
3.0951635791800 -941.4683058812676 653.2300000000000
3.0936531430400 -941.4683272572756 653.2300000000000
2.2475887951700 -941.4804843400832 653.2300000000000
1.5706748983700 -941.4904790826129 653.2300000000000
1.4511362299400 -941.4922249067523 653.2300000000000
0.6834284689370 -941.5033898296826 653.2300000000000
-0.0371844304994 -941.5140815680105 653.2300000000000
-0.7149603577290 -941.5243278761709 653.2300000000000
-1.3612668037500 -941.5340928476868 653.2300000000000
-1.9723615394100 -941.5434489837266 653.2300000000000
-2.5501348898700 -941.5523737613950 653.2300000000000
-3.0971109372500 -941.5608967439842 653.2300000000000
  
9.0665345053000 -941.3871601786667 673.3300000000000
7.7514889185000 -941.4048769069852 673.3300000000000
6.4982307460100 -941.4220934159282 673.3300000000000
5.3132854349700 -941.4384484616791 673.3300000000000
4.1932519811100 -941.4541225560228 673.3300000000000
3.1324698611900 -941.4689807793708 673.3300000000000
3.1309626108200 -941.4690021013058 673.3300000000000
2.2865867127400 -941.4811352281605 673.3300000000000
1.6112948581700 -941.4911116520627 673.3300000000000
1.4920167968500 -941.4928537490725 673.3300000000000
0.7257291098060 -941.5039948766328 673.3300000000000
0.0067313517445 -941.5146627332898 673.3300000000000
-0.6692871759770 -941.5248851155092 673.3300000000000
-1.3140301383300 -941.5346254742400 673.3300000000000
-1.9235185041100 -941.5439568225790 673.3300000000000
-2.4996763510600 -941.5528559995388 673.3300000000000
-3.0450958504000 -941.5613533847149 673.3300000000000
  
9.0911138730300 -941.3880365540225 693.4299999999999
7.7795249635500 -941.4057074841584 693.4299999999999
6.5290246923000 -941.4228899894208 693.4299999999999
5.3464969748800 -941.4392110585736 693.4299999999999
4.2286943477600 -941.4548536056730 693.4299999999999
3.1699418434300 -941.4696775502769 693.4299999999999
3.1684377697200 -941.4696988183103 693.4299999999999
2.3257446192900 -941.4818080715652 693.4299999999999
1.6520695840300 -941.4917662589347 693.4299999999999
1.5330512550200 -941.4935046419278 693.4299999999999
0.7681783421850 -941.5046220481217 693.4299999999999
0.0507901123792 -941.5152661065744 693.4299999999999
-0.6234768007310 -941.5254646532331 693.4299999999999
-1.2666617735400 -941.5351804817863 693.4299999999999
-1.8745492982500 -941.5444871266775 693.4299999999999
-2.4490971548400 -941.5533607852587 693.4299999999999
-2.9929655171100 -941.5618326571184 693.4299999999999
  
9.1158925466000 -941.3889344417718 713.5400000000000
7.8077555532200 -941.4065596376062 713.5400000000000
6.5600078951600 -941.4237082165967 713.5400000000000
5.3798925923500 -941.4399953792044 713.5400000000000
4.2643155299600 -941.4556064524857 713.5400000000000
3.2075875801700 -941.4703961818776 713.5400000000000
3.2060866760900 -941.4704173961459 713.5400000000000
2.3650717464200 -941.4825028413857 713.5400000000000
1.6930094297700 -941.4924428601345 713.5400000000000
1.5742501395500 -941.4941775395944 713.5400000000000
0.8107877138900 -941.5052712823943 713.5400000000000
0.0950045349088 -941.5158916092807 713.5400000000000
-0.5775153281740 -941.5260663934010 713.5400000000000
-1.2191467028200 -941.5357577572701 713.5400000000000
-1.8254377876800 -941.5450397656372 713.5400000000000
-2.3983800349600 -941.5538879705366 713.5400000000000
-2.9407015767900 -941.5623343955066 713.5400000000000
  
9.1408341766700 -941.3898526072993 733.6400000000000
7.8361412824100 -941.4074321731583 733.6400000000000
6.5911386047400 -941.4245469313986 733.6400000000000
5.4134285125400 -941.4408002861461 733.6400000000000
4.3000699134700 -941.4563799851201 733.6400000000000
3.2453597969200 -941.4711355922683 733.6400000000000
3.2438620527100 -941.4711567529525 733.6400000000000
2.4045194649400 -941.4832184748542 733.6400000000000
1.7340644593800 -941.4931404062032 733.6400000000000
1.6155633056500 -941.4948713955642 733.6400000000000
0.8535059677430 -941.5059415524873 733.6400000000000
0.1393220798440 -941.5165382333722 733.6400000000000
-0.5314567087270 -941.5266893464660 733.6400000000000
-1.1715401145300 -941.5363563308732 733.6400000000000
-1.7762404380900 -941.5456137894139 733.6400000000000
-2.3475827437100 -941.5544366260164 733.6400000000000
-2.8883630174600 -941.5628576911588 733.6400000000000
  
9.1659402571400 -941.3907911564355 753.7400000000000
7.8646857133900 -941.4083251692055 753.7400000000000
6.6224221179300 -941.4254061901122 753.7400000000000
5.4471115807500 -941.4416258140780 753.7400000000000
4.3359657988100 -941.4571742177417 753.7400000000000
3.2832681305400 -941.4718957743032 753.7400000000000
3.2817735384500 -941.4719168815516 753.7400000000000
2.4440985435800 -941.4839549486817 753.7400000000000
1.7752465194600 -941.4938588604074 753.7400000000000
1.6570027741800 -941.4955861705787 753.7400000000000
0.8963460970560 -941.5066328036432 753.7400000000000
0.1837568309160 -941.5172059079407 753.7400000000000
-0.4852856862640 -941.5273334249271 753.7400000000000
-1.1238256939600 -941.5369760986390 753.7400000000000
-1.7269398520700 -941.5462090774022 753.7400000000000
-2.2966867965200 -941.5550066141284 753.7400000000000
-2.8359303035700 -941.5634023894952 753.7400000000000
  
9.1912008375600 -941.3917497600409 773.8400000000000
7.8933792213900 -941.4092382922555 773.8400000000000
6.6538491481400 -941.4262856544134 773.8400000000000
5.4809328330800 -941.4424716202877 773.8400000000000
4.3719945445100 -941.4579888031373 773.8400000000000
3.3213042448000 -941.4726763767802 773.8400000000000
3.3198127974700 -941.4726974307324 773.8400000000000
2.4838009195400 -941.4847119077110 773.8400000000000
1.8165478016600 -941.4945978635313 773.8400000000000
1.6985607787800 -941.4963215047931 773.8400000000000
0.9393005865530 -941.5073446725545 773.8400000000000
0.2283015429620 -941.5178942656565 773.8400000000000
-0.4390092256290 -941.5279982570486 773.8400000000000
-1.0760101415900 -941.5376166848653 773.8400000000000
-1.6775424631800 -941.5468252498359 773.8400000000000
-2.2456983602500 -941.5555975511279 773.8400000000000
-2.7834093414200 -941.5639681027417 773.8400000000000
  
9.2166067219700 -941.3927280954620 793.9400000000001
7.9222129135600 -941.4101712156070 793.9400000000001
6.6854111168900 -941.4271849931137 793.9400000000001
5.5148839911600 -941.4433373695014 793.9400000000001
4.4081481720600 -941.4588234018466 793.9400000000001
3.3594604453800 -941.4734770565176 793.9400000000001
3.3579721358300 -941.4734980573074 793.9400000000001
2.5236191527100 -941.4854890050849 793.9400000000001
1.8579611017900 -941.4953570649641 793.9400000000001
1.7402301543100 -941.4970770470089 793.9400000000001
0.9823625049030 -941.5080768047906 793.9400000000001
0.2729495356190 -941.5186029483554 793.9400000000001
-0.3926337469990 -941.5286834805821 793.9400000000001
-1.0280996319100 -941.5382777236174 793.9400000000001
-1.6280541980200 -941.5474619370049 793.9400000000001
-2.1946231137500 -941.5562090636066 793.9400000000001
-2.7308055677500 -941.5645544537413 793.9400000000001
  
9.2421494003300 -941.3937258466544 814.0400000000000
7.9511785622100 -941.4111236194416 814.0400000000000
6.7171000889800 -941.4281038822257 814.0400000000000
5.5489573992100 -941.4442227339285 814.0400000000000
4.4444193048500 -941.4596776821809 814.0400000000000
3.3977296204700 -941.4742974783513 814.0400000000000
3.3962444420500 -941.4743184261058 814.0400000000000
2.5635463677600 -941.4862859022188 814.0400000000000
1.8994797635700 -941.4961361226436 814.0400000000000
1.7820042807900 -941.4978524546200 814.0400000000000
1.0255254500100 -941.5088288547296 814.0400000000000
0.3176946401940 -941.5193316069395 814.0400000000000
-0.3461651773240 -941.5293887426374 814.0400000000000
-0.9800998633750 -941.5389588585749 814.0400000000000
-1.5784805245200 -941.5481187790767 814.0400000000000
-2.1434662946600 -941.5568407882987 814.0400000000000
-2.6781239949800 -941.5651610757399 814.0400000000000
  
9.2678209873100 -941.3947427042500 834.1400000000000
7.9802685452600 -941.4120951908743 834.1400000000000
6.7489087147200 -941.4290420049837 834.1400000000000
5.5831459679300 -941.4451273932602 834.1400000000000
4.4808011136900 -941.4605513201967 834.1400000000000
3.4361051878300 -941.4751373150906 834.1400000000000
3.4346231342300 -941.4751582099303 834.1400000000000
2.6035762027100 -941.4871022687385 834.1400000000000
1.9410976285400 -941.4969347029688 834.1400000000000
1.8238770335500 -941.4986473935189 834.1400000000000
1.0687835004400 -941.5096004854455 834.1400000000000
0.3625311525040 -941.5200799012534 834.1400000000000
-0.2996089959600 -941.5301136995324 834.1400000000000
-0.9320161026080 -941.5396597428613 834.1400000000000
-1.5288264948100 -941.5487954259077 834.1400000000000
-2.0922327408300 -941.5574923718611 834.1400000000000
-2.6253692512800 -941.5657876121433 834.1400000000000
  
9.2936141676100 -941.3957783655841 854.2400000000000
8.0094757930600 -941.4130856239572 854.2400000000000
6.7808301783800 -941.4299990518288 854.2400000000000
5.6174431244100 -941.4460510346307 854.2400000000000
4.5172872682100 -941.4614439996398 854.2400000000000
3.4745810475700 -941.4759962474458 854.2400000000000
3.4731021127900 -941.4760170894858 854.2400000000000
2.6437027629900 -941.4879377823861 854.2400000000000
1.9828089914500 -941.4977524806874 854.2400000000000
1.8658427388300 -941.4994615379802 854.2400000000000
1.1121311721000 -941.5103913685778 854.2400000000000
0.4074537908810 -941.5208474999241 854.2400000000000
-0.2529702752810 -941.5308580166181 854.2400000000000
-0.8838532237860 -941.5403800388493 854.2400000000000
-1.4790967832600 -941.5494915368274 854.2400000000000
-2.0409269271100 -941.5581634706447 854.2400000000000
-2.5725456161100 -941.5664337162735 854.2400000000000
  
9.3195221468400 -941.3968325346922 874.3400000000000
8.0387937406000 -941.4140946196587 874.3400000000000
6.8128581518600 -941.4309747203611 874.3400000000000
5.6518427672200 -941.4469933525538 874.3400000000000
4.5538718934200 -941.4623554118599 874.3400000000000
3.5131515399500 -941.4768739639269 874.3400000000000
3.5116757182900 -941.4768947532773 874.3400000000000
2.6839205803700 -941.4887921289035 874.3400000000000
2.0246085603600 -941.4985891387569 874.3400000000000
1.9078961340700 -941.5002945705212 874.3400000000000
1.1555633796000 -941.5112011841807 874.3400000000000
0.4524576586640 -941.5216340801987 874.3400000000000
-0.2062537169400 -941.5316213680866 874.3400000000000
-0.8356157437340 -941.5411194179546 874.3400000000000
-1.4292957204500 -941.5502067804135 874.3400000000000
-1.9895529980600 -941.5588537504514 874.3400000000000
-2.5196570518500 -941.5670990511052 874.3400000000000
  
9.3455386073900 -941.3979049222702 894.4400000000001
8.0682162847200 -941.4151218858105 894.4400000000001
6.8449867531800 -941.4319687152702 894.4400000000001
5.6863392261200 -941.4479540488350 894.4400000000001
4.5905495305600 -941.4632852557073 894.4400000000001
3.5518114074300 -941.4777701607251 894.4400000000001
3.5503386934500 -941.4777908974905 894.4400000000001
2.7242245761400 -941.4896650018969 894.4400000000001
2.0664914208500 -941.4994443681920 894.4400000000001
1.9500323322700 -941.5011461817445 894.4400000000001
1.1990754015500 -941.5120296205505 894.4400000000001
0.4975382106070 -941.5224393277531 894.4400000000001
-0.1594636843220 -941.5324034367699 894.4400000000001
-0.7873078533360 -941.5418775604169 894.4400000000001
-1.3794273234700 -941.5509408342577 894.4400000000001
-1.9381147973100 -941.5595628862845 894.4400000000001
-2.4667072321100 -941.5677832889996 894.4400000000001
  
9.3716706878200 -941.3989957924874 914.5500000000000
8.0977524563900 -941.4161676614855 914.5500000000000
6.8772265635900 -941.4329812561836 914.5500000000000
5.7209444556900 -941.4489333238758 914.5500000000000
4.6273334144200 -941.4642337135052 914.5500000000000
3.5905750566800 -941.4786850009685 914.5500000000000
3.5891054467400 -941.4787056852222 914.5500000000000
2.7646301397800 -941.4905565505096 914.5500000000000
2.1084738991800 -941.5003183069740 914.5500000000000
1.9922678109800 -941.5020165074544 914.5500000000000
1.2426845527900 -941.5128767998318 914.5500000000000
0.5427137042710 -941.5232633507808 914.5500000000000
-0.1125809018690 -941.5332043167087 914.5500000000000
-0.7389093629000 -941.5426545459846 914.5500000000000
-1.3294704661500 -941.5516937636843 914.5500000000000
-1.8865902578300 -941.5602909286824 914.5500000000000
-2.4136731810900 -941.5684864656774 914.5500000000000
  
9.3978869172800 -941.4001037841562 934.6500000000000
8.1273675871000 -941.4172306278355 934.6500000000000
6.9095404191700 -941.4340110545600 934.6500000000000
5.7556191248300 -941.4499299196939 934.6500000000000
4.6641822322500 -941.4651995553342 934.6500000000000
3.6293993822600 -941.4796172858356 934.6500000000000
3.6279328698900 -941.4796379176993 934.6500000000000
2.8050926892700 -941.4914655968237 934.6500000000000
2.1505099881900 -941.5012097924493 934.6500000000000
2.0345563353800 -941.5029043882290 934.6500000000000
1.2863433774400 -941.5137415835985 934.6500000000000
0.5879352798330 -941.5241050315974 934.6500000000000
-0.0656557687122 -941.5340229107577 934.6500000000000
-0.6904720282950 -941.5434492990094 934.6500000000000
-1.2794783024800 -941.5524645146580 934.6500000000000
-1.8350339413500 -941.5610368461018 934.6500000000000
-2.3606108132300 -941.5692075720142 934.6500000000000
  
9.4241951544900 -941.4012291655545 954.7500000000000
8.1570714051100 -941.4183110283503 954.7500000000000
6.9419395745100 -941.4350583347858 954.7500000000000
5.7903758387100 -941.4509440417597 954.7500000000000
4.7011098466400 -941.4661829689049 954.7500000000000
3.6682993971400 -941.4805671841202 954.7500000000000
3.6668359776400 -941.4805877636848 954.7500000000000
2.8456282010400 -941.4923922959282 954.7500000000000
2.1926165828600 -941.5021189688376 954.7500000000000
2.0769149488000 -941.5038099661556 954.7500000000000
1.3300697384100 -941.5146241005197 954.7500000000000
0.6332217237010 -941.5249644852075 954.7500000000000
-0.0186685004586 -941.5348593200846 954.7500000000000
-0.6419751698040 -941.5442619066465 954.7500000000000
-1.2294292352900 -941.5532531601995 954.7500000000000
-1.7834233288900 -941.5618006970647 954.7500000000000
-2.3074967193800 -941.5699466519978 954.7500000000000
  
9.4505906277500 -941.4023716732802 974.8500000000000
8.1868593036100 -941.4194085974208 974.8500000000000
6.9744195923600 -941.4361228288519 974.8500000000000
5.8252103226200 -941.4519754198482 974.8500000000000
4.7381121452100 -941.4671836817222 974.8500000000000
3.7072711436800 -941.4815344212725 974.8500000000000
3.7058108125600 -941.4815549486245 974.8500000000000
2.8862328544100 -941.4933363712936 974.8500000000000
2.2347899876200 -941.5030455576465 974.8500000000000
2.1193399766100 -941.5047329624269 974.8500000000000
1.3738600884300 -941.5155240700071 974.8500000000000
0.6785696233130 -941.5258414290207 974.8500000000000
0.0283776290707 -941.5357132599327 974.8500000000000
-0.5934219293210 -941.5450920821570 974.8500000000000
-1.1793262737200 -941.5540594115464 974.8500000000000
-1.7317612971400 -941.5625821908286 974.8500000000000
-2.2543336462000 -941.5707034128651 974.8500000000000
  
9.4770688777200 -941.4035310501408 994.9500000000000
8.2167269779600 -941.4205230757885 994.9500000000000
7.0069763270700 -941.4372042752486 994.9500000000000
5.8601185833000 -941.4530237903745 994.9500000000000
4.7751852869100 -941.4682014280718 994.9500000000000
3.7463109259800 -941.4825187296485 994.9500000000000
3.7448536789600 -941.4825392048708 994.9500000000000
2.9269030819100 -941.4942975534204 994.9500000000000
2.2770267520900 -941.5039892875423 994.9500000000000
2.1618279881200 -941.5056731054141 994.9500000000000
1.4177111162600 -941.5164412187607 994.9500000000000
0.7239757936430 -941.5267355878585 994.9500000000000
0.0754795647837 -941.5365844530965 994.9500000000000
-0.5448152383230 -941.5459395464756 994.9500000000000
-1.1291722248600 -941.5548829877379 994.9500000000000
-1.6800505291800 -941.5633810445825 994.9500000000000
-2.2011241549300 -941.5714775699076 994.9500000000000
  
9.5036257330600 -941.4047070450412 1015.0500000000000
8.2466704021000 -941.4216542104136 1015.0500000000000
7.0396059017200 -941.4383024188257 1015.0500000000000
5.8950968869100 -941.4540888962371 1015.0500000000000
4.8123256807300 -941.4692359488545 1015.0500000000000
3.7854152893300 -941.4835198483370 1015.0500000000000
3.7839611223200 -941.4835402715088 1015.0500000000000
2.9676355492700 -941.4952755796585 1015.0500000000000
2.3193236517200 -941.5049498941549 1015.0500000000000
2.2043757772200 -941.5066301304710 1015.0500000000000
1.4616197279200 -941.5173752805642 1015.0500000000000
0.7694372590750 -941.5276466937464 1015.0500000000000
0.1226344528460 -941.5374726297013 1015.0500000000000
-0.4961578347290 -941.5468040279833 1015.0500000000000
-1.0789697100600 -941.5557236153783 1015.0500000000000
-1.6282935300500 -941.5641969831920 1015.0500000000000
-2.1478706364000 -941.5722688462149 1015.0500000000000
  
9.5302572883700 -941.4058994128468 1035.1500000000001
8.2766858070800 -941.4228017543376 1035.1500000000001
7.0723046874200 -941.4394170106457 1035.1500000000001
5.9301417389200 -941.4551704866678 1035.1500000000001
4.8495299662700 -941.4702869914247 1035.1500000000001
3.8245810013600 -941.4845375229866 1035.1500000000001
3.8231299104700 -941.4845578941818 1035.1500000000001
3.0084271372100 -941.4962701940215 1035.1500000000001
2.3616776701300 -941.5059271198902 1035.1500000000001
2.2469803448200 -941.5076037797445 1035.1500000000001
1.5055830296600 -941.5183259960875 1035.1500000000001
0.8149512369430 -941.5285744857027 1035.1500000000001
0.1698396248230 -941.5383775269839 1035.1500000000001
-0.4474522781980 -941.5476852622795 1035.1500000000001
-1.0287211795800 -941.5565810283991 1035.1500000000001
-1.5764926409700 -941.5650297389607 1035.1500000000001
-2.0945753246300 -941.5730769724223 1035.1500000000001
  
9.5569598839300 -941.4071079142559 1055.2500000000000
8.3067696615300 -941.4239654665415 1055.2500000000000
7.1050692844100 -941.4405478078289 1055.2500000000000
5.9652498658200 -941.4562683170659 1055.2500000000000
4.8867949961200 -941.4713543094180 1055.2500000000000
3.8638050350200 -941.4855715056289 1055.2500000000000
3.8623570165200 -941.4855918249211 1055.2500000000000
3.0492749249200 -941.4972811470083 1055.2500000000000
2.4040859830400 -941.5069207137379 1055.2500000000000
2.2896388829200 -941.5085938019801 1055.2500000000000
1.5495983125100 -941.5192931126855 1055.2500000000000
0.8605151225730 -941.5295187095321 1055.2500000000000
0.2170925832750 -941.5392988890781 1055.2500000000000
-0.3987009640170 -941.5485829919611 1055.2500000000000
-0.9784289260050 -941.5574549678328 1055.2500000000000
-1.5246500521300 -941.5658790513920 1055.2500000000000
-2.0412403091600 -941.5739016864636 1055.2500000000000
  
9.5837300873700 -941.4083323156626 1075.3499999999999
8.3369186537900 -941.4251451118048 1075.3499999999999
7.1378965047700 -941.4416945734073 1075.3499999999999
6.0004181984900 -941.4573821488437 1075.3499999999999
4.9241178197100 -941.4724376625865 1075.3499999999999
3.9030845529800 -941.4866215545060 1075.3499999999999
3.9016396033100 -941.4866418219643 1075.3499999999999
3.0901761749400 -941.4983081954171 1075.3499999999999
2.4465459436900 -941.5079304310800 1075.3499999999999
2.3323487600200 -941.5095999523320 1075.3499999999999
1.5936630381300 -941.5202763842069 1075.3499999999999
0.9061264756610 -941.5304791176259 1075.3499999999999
0.2643909886340 -941.5402364668045 1075.3499999999999
-0.3499061357490 -941.5494969664048 1075.3499999999999
-0.9280950964010 -941.5583451815834 1075.3499999999999
-1.4727678144100 -941.5667446669518 1075.3499999999999
-1.9878675462900 -941.5747427333341 1075.3499999999999
  
9.6105646767600 -941.4095723890192 1095.4500000000000
8.3671296756300 -941.4263404605595 1095.4500000000000
7.1707833567300 -941.4428570761680 1095.4500000000000
6.0356438569100 -941.4585117492662 1095.4500000000000
4.9614956686200 -941.4735368166339 1095.4500000000000
3.9424168934400 -941.4876874338984 1095.4500000000000
3.9409750091800 -941.4877076495885 1095.4500000000000
3.1311283194300 -941.4993511021717 1095.4500000000000
2.4890550694600 -941.5089560335109 1095.4500000000000
2.3751075078900 -941.5106219921773 1095.4500000000000
1.6377748259600 -941.5212755707958 1095.4500000000000
0.9517830078570 -941.5314554687576 1095.4500000000000
0.3117326472600 -941.5411900174623 1095.4500000000000
-0.3010698967470 -941.5504269415497 1095.4500000000000
-0.8777217033780 -941.5592514242086 1095.4500000000000
-1.4208478499800 -941.5676263388473 1095.4500000000000
-1.9344588692500 -941.5755998648542 1095.4500000000000
  
9.6374740211200 -941.4108285401461 1115.5599999999999
8.3974148813200 -941.4275518949631 1115.5599999999999
7.2037434337800 -941.4440356804050 1115.5599999999999
6.0709417018300 -941.4596574648443 1115.5599999999999
4.9989445778200 -941.4746521014733 1115.5599999999999
3.9818191626200 -941.4887694558445 1115.5599999999999
3.9803803420200 -941.4887896198048 1115.5599999999999
3.1721493576100 -941.5004101666237 1115.5599999999999
2.5316322131300 -941.5099978105413 1115.5599999999999
2.4179341168200 -941.5116602090560 1115.5599999999999
1.6819534207600 -941.5222909474813 1115.5599999999999
0.9975053179050 -941.5324480253267 1115.5599999999999
0.3591390840150 -941.5421597907398 1115.5599999999999
-0.2521698949000 -941.5513731540946 1115.5599999999999
-0.8272855459890 -941.5601739193175 1115.5599999999999
-1.3688661046800 -941.5685242772114 1115.5599999999999
-1.8809894007800 -941.5764732776624 1115.5599999999999
  
9.6644285113000 -941.4120993023295 1135.6600000000001
8.4277414053300 -941.4287779914235 1135.6600000000001
7.2367413135400 -941.4452289937170 1135.6600000000001
6.1062740851600 -941.4608179345302 1135.6600000000001
5.0364248590000 -941.4757821849369 1135.6600000000001
4.0212498242200 -941.4898663199926 1135.6600000000001
4.0198140626500 -941.4898864323085 1135.6600000000001
3.2131962266500 -941.5014841100475 1135.6600000000001
2.5742328397600 -941.5110544994641 1135.6600000000001
2.4607838165200 -941.5127133436102 1135.6600000000001
1.7261527855600 -941.5233212765240 1135.6600000000001
1.0432459153200 -941.5334555710727 1135.6600000000001
0.4065612174300 -941.5431445917296 1135.6600000000001
-0.2032566170100 -941.5523344313593 1135.6600000000001
-0.7768385583560 -941.5611115165914 1135.6600000000001
-1.3168759696200 -941.5694373549499 1135.6600000000001
-1.8275139327200 -941.5773618678282 1135.6600000000001
  
9.6914388356200 -941.4133850841860 1155.7600000000000
8.4581217105100 -941.4300191350397 1155.7600000000000
7.2697908869700 -941.4464373834969 1155.7600000000000
6.1416561544400 -941.4619935080805 1155.7600000000000
5.0739528233200 -941.4769274003329 1155.7600000000000
4.0607262505600 -941.4909783419070 1155.7600000000000
4.0592935450200 -941.4909984026374 1155.7600000000000
3.2542871828300 -941.5025732354527 1155.7600000000000
2.6168760509500 -941.5121263935772 1155.7600000000000
2.5036758447300 -941.5137816871871 1155.7600000000000
1.7703929042200 -941.5243668368744 1155.7600000000000
1.0890256290700 -941.5344783724469 1155.7600000000000
0.4540207934110 -941.5441446743171 1155.7600000000000
-0.1543074986180 -941.5533110143712 1155.7600000000000
-0.7263573359510 -941.5620644441017 1155.7600000000000
-1.2648531958200 -941.5703657867906 1155.7600000000000
-1.7740074015900 -941.5782658367176 1155.7600000000000
  
9.7185024725300 -941.4146856785258 1175.8599999999999
8.4885533652100 -941.4312751174177 1175.8599999999999
7.3028898143700 -941.4476606400536 1175.8599999999999
6.1770856583100 -941.4631839745999 1175.8599999999999
5.1115263075500 -941.4780875355311 1175.8599999999999
4.1002463626900 -941.4921053083323 1175.8599999999999
4.0988167103200 -941.4921253175316 1175.8599999999999
3.2954202213700 -941.5036773285105 1175.8599999999999
2.6595599088900 -941.5132132775113 1175.8599999999999
2.5466082749700 -941.5148650242476 1175.8599999999999
1.8146719195600 -941.5254274120188 1175.8599999999999
1.1348426746300 -941.5355162118578 1175.8599999999999
0.5015161019760 -941.5451598197483 1175.8599999999999
-0.1053241785750 -941.5543026833057 1175.8599999999999
-0.6758434461880 -941.5630324809348 1175.8599999999999
-1.2127992795400 -941.5713093507554 1175.8599999999999
-1.7204712336000 -941.5791849612616 1175.8599999999999
  
9.7456170457300 -941.4160008830306 1195.9600000000000
8.5190340781100 -941.4325457351039 1195.9600000000000
7.3360358912400 -941.4488985587096 1195.9600000000000
6.2125604756600 -941.4643891282739 1195.9600000000000
5.1491432738300 -941.4792623835513 1195.9600000000000
4.1398082023600 -941.4932470112208 1195.9600000000000
4.1383816004100 -941.4932669689430 1195.9600000000000
3.3365934539800 -941.5047961801656 1195.9600000000000
2.7022825885100 -941.5143149412265 1195.9600000000000
2.5895792928700 -941.5159631445906 1195.9600000000000
1.8589880826800 -941.5265027908348 1195.9600000000000
1.1806953716600 -941.5365688771623 1195.9600000000000
0.5490455330790 -941.5461898147894 1195.9600000000000
-0.0563081997968 -941.5553092239163 1195.9600000000000
-0.6252983645730 -941.5640154118170 1195.9600000000000
-1.1607156291500 -941.5722678305680 1195.9600000000000
-1.6669067710100 -941.5801190241513 1195.9600000000000
  
9.7727803141800 -941.4173305001219 1216.0599999999999
8.5495616884600 -941.4338307894445 1216.0599999999999
7.3692270388600 -941.4501509396559 1216.0599999999999
6.2480786065900 -941.4656087682174 1216.0599999999999
5.1868018009100 -941.4804517424077 1216.0599999999999
4.1794099235600 -941.4944032475793 1216.0599999999999
4.1779863693800 -941.4944231538769 1216.0599999999999
3.3778051007600 -941.5059295864685 1216.0599999999999
2.7450423696000 -941.5154311798481 1216.0599999999999
2.6325871883300 -941.5170758431905 1216.0599999999999
1.9033397453000 -941.5275927674236 1216.0599999999999
1.2265821366300 -941.5376361615016 1216.0599999999999
0.5966075695910 -941.5472344515468 1216.0599999999999
-0.0072610160157 -941.5563304273564 1216.0599999999999
-0.5747234811880 -941.5650130269313 1216.0599999999999
-1.1086035713700 -941.5732410154632 1216.0599999999999
-1.6133152781000 -941.5810678136485 1216.0599999999999
  
9.7999901628800 -941.4186743368288 1236.1600000000001
8.5801341572000 -941.4351300864522 1236.1600000000001
7.4024612957300 -941.4514175878138 1236.1600000000001
6.2836381641100 -941.4668426983369 1236.1600000000001
5.2245000761900 -941.4816554149643 1236.1600000000001
4.2190497848100 -941.4955738193187 1236.1600000000001
4.2176292758800 -941.4955936742398 1236.1600000000001
3.4190534827500 -941.5070773484284 1236.1600000000001
2.7878376295400 -941.5165617935078 1236.1600000000001
2.6756303482700 -941.5182029200365 1236.1600000000001
1.9477253528400 -941.5286971409515 1236.1600000000001
1.2725014761600 -941.5387178631303 1236.1600000000001
0.6442007808510 -941.5482935273012 1236.1600000000001
0.0418160020146 -941.5573660900041 1236.1600000000001
-0.5241201066490 -941.5660251217375 1236.1600000000001
-1.0564643569400 -941.5742287000073 1236.1600000000001
-1.5596979466200 -941.5820311233994 1236.1600000000001
  
9.8272445943100 -941.4200322046602 1256.2600000000000
8.6107495587200 -941.4364434366736 1256.2600000000000
7.4357368095900 -941.4526983126967 1256.2600000000000
6.3192373664800 -941.4680907271827 1256.2600000000000
5.2622363882800 -941.4828732087869 1256.2600000000000
4.2587261420700 -941.4967585331020 1256.2600000000000
4.2573086759600 -941.4967783366935 1256.2600000000000
3.4603370149900 -941.5082392718541 1256.2600000000000
2.8306668366900 -941.5177065871884 1256.2600000000000
2.7187072500800 -941.5193441799759 1256.2600000000000
1.9921434380200 -941.5298157154855 1256.2600000000000
1.3184519808400 -941.5398137852573 1256.2600000000000
0.6918238167300 -941.5493668443396 1256.2600000000000
0.0909215608148 -941.5584160132913 1256.2600000000000
-0.4734894775740 -941.5670514968025 1256.2600000000000
-1.0042991658600 -941.5752306839191 1256.2600000000000
-1.5060559008400 -941.5830087522538 1256.2600000000000
  
9.8545417206600 -941.4214039194794 1276.3599999999999
8.6414060732500 -941.4377706550614 1276.3599999999999
7.4690518301600 -941.4539929282781 1276.3599999999999
6.3548745301500 -941.4693526678188 1276.3599999999999
5.3000091202500 -941.4841049360068 1276.3599999999999
4.2984374421500 -941.4979572002048 1276.3599999999999
4.2970230165400 -941.4979769525128 1276.3599999999999
3.5016542002600 -941.5094151672140 1276.3599999999999
2.8735285441900 -941.5188653705760 1276.3599999999999
2.7618164554700 -941.5204994325665 1276.3599999999999
2.0365926149300 -941.5309482998443 1276.3599999999999
1.3644323195200 -941.5409237358866 1276.3599999999999
0.7394754021740 -941.5504542097943 1276.3599999999999
0.1400544389310 -941.5594800035444 1276.3599999999999
-0.4228327616240 -941.5680919576306 1276.3599999999999
-0.9521091122730 -941.5762467719059 1276.3599999999999
-1.4523902020900 -941.5840005040928 1276.3599999999999
  
9.8818797565500 -941.4227893013783 1296.4600000000000
8.6721019799200 -941.4391115608452 1296.4600000000000
7.5024047023300 -941.4553012528629 1296.4600000000000
6.3905480632700 -941.4706283376879 1296.4600000000000
5.3378167433700 -941.4853504131809 1296.4600000000000
4.3381822167000 -941.4991696363747 1296.4600000000000
4.3367708293300 -941.4991893374420 1296.4600000000000
3.5430036231800 -941.5106048494903 1296.4600000000000
2.9164213843800 -941.5200379579125 1296.4600000000000
2.8049566048600 -941.5216684919285 1296.4600000000000
2.0810715736300 -941.5320947074482 1296.4600000000000
1.4104412340700 -941.5420475276709 1296.4600000000000
0.7871543321690 -941.5515554354912 1296.4600000000000
0.1892134820960 -941.5605578718253 1296.4600000000000
-0.3721510621430 -941.5691463145079 1296.4600000000000
-0.8998952488280 -941.5772767734942 1296.4600000000000
-1.3987018530800 -941.5850061876645 1296.4600000000000
  
9.9092706423800 -941.4241888738461 1316.5699999999999
8.7028509497800 -941.4404666545823 1316.5699999999999
7.5358104803000 -941.4566237699373 1316.5699999999999
6.4262742334700 -941.4719182032260 1316.5699999999999
5.3756766457400 -941.4866100909010 1316.5699999999999
4.3779788738400 -941.5003962750101 1316.5699999999999
4.3765705240700 -941.5004159248529 1316.5699999999999
3.5844045395300 -941.5118087400502 1316.5699999999999
2.9593654253100 -941.5212247613721 1316.5699999999999
2.8481478968800 -941.5228517683694 1316.5699999999999
2.1256012250200 -941.5332553366821 1316.5699999999999
1.4565004448700 -941.5431855470232 1316.5699999999999
0.8348832073400 -941.5526708958507 1316.5699999999999
0.2384220745510 -941.5616499802198 1316.5699999999999
-0.3214201899490 -941.5702149171018 1316.5699999999999
-0.8476325769110 -941.5783210255289 1316.5699999999999
-1.3449650751200 -941.5860261269899 1316.5699999999999
  
9.9366855363800 -941.4256010730919 1336.6700000000001
8.7336208594000 -941.4418344159409 1336.6700000000001
7.5692344575200 -941.4579589907343 1336.6700000000001
6.4620160833700 -941.4732208073630 1336.6700000000001
5.4135498046900 -941.4878825413283 1336.6700000000001
4.4177865190300 -941.5016357203991 1336.6700000000001
4.4163812032800 -941.5016553190843 1336.6700000000001
3.6258145069300 -941.5130254651160 1336.6700000000001
3.0023167327300 -941.5224244235091 1336.6700000000001
2.8913461586500 -941.5240479078411 1336.6700000000001
2.1701361098300 -941.5344288553918 1336.6700000000001
1.5025630180100 -941.5443364835847 1336.6700000000001
0.8826134809540 -941.5537993022075 1336.6700000000001
0.2876302435320 -941.5627550626020 1336.6700000000001
-0.2706915860210 -941.5712965219637 1336.6700000000001
-0.7953740154110 -941.5793783080995 1336.6700000000001
-1.2912342082700 -941.5870591256374 1336.6700000000001
  
9.9641365333300 -941.4270264238099 1356.7700000000000
8.7644255288100 -941.4432153467538 1356.7700000000000
7.6026918316300 -941.4593074000961 1356.7700000000000
6.4977900187600 -941.4745366179645 1356.7700000000000
5.4514537412000 -941.4891682165530 1356.7700000000000
4.4576236882300 -941.5028884075089 1356.7700000000000
4.4562214045100 -941.5029079550749 1356.7700000000000
3.6672529045200 -941.5142554476882 1356.7700000000000
3.0452954939900 -941.5236373581911 1356.7700000000000
2.9345717074200 -941.5252573223546 1356.7700000000000
2.2146972534300 -941.5356156637234 1356.7700000000000
1.5486507839000 -941.5455007255997 1356.7700000000000
0.9303678591750 -941.5549410308823 1356.7700000000000
0.3368614745140 -941.5638734830243 1356.7700000000000
-0.2199409642680 -941.5723914807929 1356.7700000000000
-0.7430944731130 -941.5804489601476 1356.7700000000000
-1.2374833854800 -941.5881055097899 1356.7700000000000
  
9.9916221956200 -941.4284647618435 1376.8699999999999
8.7952635727100 -941.4446092821672 1376.8699999999999
7.6361812706100 -941.4606688324167 1376.8699999999999
6.5335947588300 -941.4758654687267 1376.8699999999999
5.4893872255900 -941.4904669495580 1376.8699999999999
4.4974892006600 -941.5041541686626 1376.8699999999999
4.4960899470500 -941.5041736651460 1376.8699999999999
3.7087185944000 -941.5154985194710 1376.8699999999999
3.0883006097200 -941.5248633965263 1376.8699999999999
2.9778234503700 -941.5264798429196 1376.8699999999999
2.2592836031800 -941.5368155921219 1376.8699999999999
1.5947627318300 -941.5466781028875 1376.8699999999999
0.9781453741830 -941.5560959110276 1376.8699999999999
0.3861148407040 -941.5650050700203 1376.8699999999999
-0.1691692103380 -941.5734996214956 1376.8699999999999
-0.6907947947340 -941.5815328089675 1376.8699999999999
-1.1837134110900 -941.5891651061113 1376.8699999999999
  
10.0191411593000 -941.4299159266964 1396.9700000000000
8.8261336768400 -941.4460160610187 1396.9700000000000
7.6697015108100 -941.4620431258240 1396.9700000000000
6.5694290886000 -941.4772071971113 1396.9700000000000
5.5273490914100 -941.4917785771252 1396.9700000000000
4.5373819363800 -941.5054328400172 1396.9700000000000
4.5359857110400 -941.5054522854554 1396.9700000000000
3.7502104973700 -941.5167545160328 1396.9700000000000
3.1313310372700 -941.5261023735200 1396.9700000000000
3.0211003510500 -941.5277153044486 1396.9700000000000
2.3038941608500 -941.5380284749557 1396.9700000000000
1.6408979033700 -941.5478684492281 1396.9700000000000
1.0259451082700 -941.5572637757919 1396.9700000000000
0.4353894633450 -941.5661496561519 1396.9700000000000
-0.1183771639180 -941.5746207760382 1396.9700000000000
-0.6384757811020 -941.5826296859435 1396.9700000000000
-1.1299250476000 -941.5902377453872 1396.9700000000000
  
10.0466921296000 -941.4313797614260 1417.0699999999999
8.8570345936000 -941.4474355257331 1417.0699999999999
7.7032513527300 -941.4634301220675 1417.0699999999999
6.6052918548200 -941.4785616442387 1417.0699999999999
5.5653382315800 -941.4931029397267 1417.0699999999999
4.5773008325000 -941.5067242614523 1417.0699999999999
4.5759076336400 -941.5067436558783 1417.0699999999999
3.7917275892200 -941.5180232766945 1417.0699999999999
3.1743857871800 -941.5273541279525 1417.0699999999999
3.0644014259300 -941.5289635456322 1417.0699999999999
2.3485279791900 -941.5392541504058 1417.0699999999999
1.6870553890700 -941.5490716022396 1417.0699999999999
1.0737661906900 -941.5584444621912 1417.0699999999999
0.4846845087070 -941.5673070778781 1417.0699999999999
-0.0675656216227 -941.5757547803136 1417.0699999999999
-0.5861381919170 -941.5837394264173 1417.0699999999999
-1.0761190182900 -941.5913232623916 1417.0699999999999
  
10.0742738764000 -941.4328561125445 1437.1700000000001
8.8879651379400 -941.4488675222209 1437.1700000000001
7.7368296570600 -941.4648296664135 1437.1700000000001
6.6411819621900 -941.4799286547726 1437.1700000000001
5.6033535946800 -941.4944398814141 1437.1700000000001
4.6172448796400 -941.5080282764518 1437.1700000000001
4.6158547055500 -941.5080476198997 1437.1700000000001
3.8332688973700 -941.5193046444089 1437.1700000000001
3.2174639198900 -941.5286185022677 1437.1700000000001
3.1077257410700 -941.5302244088314 1437.1700000000001
2.3931841587700 -941.5404924603441 1437.1700000000001
1.7332343254900 -941.5502874032592 1437.1700000000001
1.1216077947600 -941.5596378109933 1437.1700000000001
0.5339991852880 -941.5684771754356 1437.1700000000001
-0.0167353396714 -941.5769014740188 1437.1700000000001
-0.5337827483120 -941.5848618695633 1437.1700000000001
-1.0222960096600 -941.5924214957563 1437.1700000000001
  
10.1018852307000 -941.4343448299146 1457.2700000000000
8.9189241835900 -941.4503118997729 1457.2700000000000
7.7704353410700 -941.4662416075412 1457.2700000000000
6.6770983698300 -941.4813080768237 1457.2700000000000
5.6413941816000 -941.4957892497091 1457.2700000000000
4.6572131186800 -941.5093447320000 1457.2700000000000
4.6558259677100 -941.5093640245022 1457.2700000000000
3.8748334977200 -941.5205984656569 1457.2700000000000
3.2605645427000 -941.5298953424601 1457.2700000000000
3.1510724091000 -941.5314977399597 1457.2700000000000
2.4378618450900 -941.5417432502196 1457.2700000000000
1.7794338923000 -941.5515156972295 1457.2700000000000
1.1694691351400 -941.5608436665964 1457.2700000000000
0.5833327412270 -941.5696597927185 1457.2700000000000
0.0341129636313 -941.5780607005389 1457.2700000000000
-0.4814101352240 -941.5859968582637 1457.2700000000000
-0.9684566737420 -941.5935322878504 1457.2700000000000
  
10.1295250808000 -941.4358457666572 1477.3699999999999
8.9499106595100 -941.4517685109648 1477.3699999999999
7.8040673751700 -941.4676657974447 1477.3699999999999
6.7130400880000 -941.4826997618419 1477.3699999999999
5.6794590423700 -941.4971508955060 1477.3699999999999
4.6972046377600 -941.5106734784799 1477.3699999999999
4.6958205083100 -941.5106927200673 1477.3699999999999
3.9164205117300 -941.5219045903362 1477.3699999999999
3.3036868069300 -941.5311844979675 1477.3699999999999
3.1944405864400 -941.5327833883788 1477.3699999999999
2.4825602258400 -941.5430063689507 1477.3699999999999
1.8256533097500 -941.5527563325846 1477.3699999999999
1.2173494653600 -941.5620618769196 1477.3699999999999
0.6326844618960 -941.5708547771644 1477.3699999999999
0.0849786055878 -941.5792323068232 1477.3699999999999
-0.4290210036020 -941.5871442389962 1477.3699999999999
-0.9146016301330 -941.5946554846615 1477.3699999999999
  
10.1571923688000 -941.4373587790591 1497.4700000000000
8.9809235466500 -941.4532372115634 1497.4700000000000
7.8377247797700 -941.4691020913365 1497.4700000000000
6.7490061750800 -941.4841035645190 1497.4700000000000
5.7175472732500 -941.4985246729675 1497.4700000000000
4.7372185693900 -941.5120143695632 1497.4700000000000
4.7358374599400 -941.5120335602655 1497.4700000000000
3.9580291036600 -941.5232228716656 1497.4700000000000
3.3468299053100 -941.5324858215660 1497.4700000000000
3.2378294706600 -941.5340812067936 1497.4700000000000
2.5272785283700 -941.5442816688214 1497.4700000000000
1.8718918362000 -941.5540091611467 1497.4700000000000
1.2652480754600 -941.5632922932930 1497.4700000000000
0.6820536676590 -941.5720619796498 1497.4700000000000
0.1358609369670 -941.5804161432825 1497.4700000000000
-0.3766159724510 -941.5883038617197 1497.4700000000000
-0.8607314680070 -941.5957909356814 1497.4700000000000
  
10.1848998719000 -941.4388844881079 1517.5799999999999
9.0119773229900 -941.4547186000253 1517.5799999999999
7.8714233854100 -941.4705510710313 1517.5799999999999
6.7850136456800 -941.4855200500256 1517.5799999999999
5.7556769800100 -941.4999111318264 1517.5799999999999
4.7772740113300 -941.5133679381680 1517.5799999999999
4.7758959218900 -941.5133870779883 1517.5799999999999
3.9996791942600 -941.5245538308815 1517.5799999999999
3.3900145485900 -941.5337998256473 1517.5799999999999
3.2812598993100 -941.5353917057834 1517.5799999999999
2.5720382794700 -941.5455696488143 1517.5799999999999
1.9181717837000 -941.5552746702914 1517.5799999999999
1.3131881330000 -941.5645353914827 1517.5799999999999
0.7314642860560 -941.5732818639596 1517.5799999999999
0.1867846665010 -941.5816126616476 1517.5799999999999
-0.3241695472480 -941.5894761656953 1517.5799999999999
-0.8068199360560 -941.5969390677119 1517.5799999999999
  
10.2126190744000 -941.4404212387302 1537.6800000000001
9.0430401801500 -941.4562110648820 1537.6800000000001
7.9051287892300 -941.4720111567907 1537.6800000000001
6.8210258352400 -941.4869476704641 1537.6800000000001
5.7938094219100 -941.5013087535697 1537.6800000000001
4.8173303406000 -941.5147326980434 1537.6800000000001
4.8159552682300 -941.5147517870361 1537.6800000000001
4.0413286034900 -941.5258960038071 1537.6800000000001
3.4331970563700 -941.5351250624957 1537.6800000000001
3.3246879519700 -941.5367134410537 1537.6800000000001
2.6167942637400 -941.5468688866470 1537.6800000000001
1.9644464531400 -941.5565514596642 1537.6800000000001
1.3611213166300 -941.5657897929741 1537.6800000000001
0.7808665607550 -941.5745130742555 1537.6800000000001
0.2376985606370 -941.5828205288951 1537.6800000000001
-0.2717344484640 -941.5906598415703 1537.6800000000001
-0.7529211847440 -941.5980985950149 1537.6800000000001
  
10.2403628336000 -941.4419696518989 1557.7800000000000
9.0741266732000 -941.4577152046160 1557.7800000000000
7.9388568959500 -941.4734829304961 1557.7800000000000
6.8570598297200 -941.4883869911071 1557.7800000000000
5.8319627732800 -941.5027180880714 1557.7800000000000
4.8574067208300 -941.5161091822855 1557.7800000000000
4.8560346641600 -941.5161282204765 1557.7800000000000
4.0829973156400 -941.5272499118928 1557.7800000000000
3.4763982008500 -941.5364620447504 1557.7800000000000
3.3681345272700 -941.5380469234346 1557.7800000000000
2.6615680668600 -941.5481798815840 1557.7800000000000
2.0107382131500 -941.5578400169541 1557.7800000000000
1.4090708481100 -941.5670559738869 1557.7800000000000
0.8302844712420 -941.5757560747119 1557.7800000000000
0.2886273777890 -941.5840401971759 1557.7800000000000
-0.2192851341520 -941.5918553290626 1557.7800000000000
-0.6990089175620 -941.5992699448836 1557.7800000000000
  
10.2681302776000 -941.4435295956841 1577.8800000000001
9.1052359624300 -941.4592308868666 1577.8800000000001
7.9726068985200 -941.4749662593276 1577.8800000000001
6.8931148534800 -941.4898378787077 1577.8800000000001
5.8701362898500 -941.5041390016473 1577.8800000000001
4.8975024377600 -941.5174972568026 1577.8800000000001
4.8961333954400 -941.5175162442184 1577.8800000000001
4.1246846426700 -941.5286154206680 1577.8800000000001
3.5196173174700 -941.5378106375780 1577.8800000000001
3.4115989646600 -941.5393920180352 1577.8800000000001
2.7063590529100 -941.5495024983844 1577.8800000000001
2.0570464534600 -941.5591402065406 1577.8800000000001
1.4570361433500 -941.5683337981924 1577.8800000000001
0.8797174584630 -941.5770107289244 1577.8800000000001
0.3395705840150 -941.5852715297021 1577.8800000000001
-0.1668221132970 -941.5930624910096 1577.8800000000001
-0.6450836188500 -941.6004529797691 1577.8800000000001
  
10.2959205745000 -941.4451009408995 1597.9800000000000
9.1363672467600 -941.4607579820333 1597.9800000000000
8.0063780270300 -941.4764610132486 1597.9800000000000
6.9291901666400 -941.4913002028179 1597.9800000000000
5.9083292616200 -941.5055713634302 1597.9800000000000
4.9376168100800 -941.5188967903421 1597.9800000000000
4.9362507808300 -941.5189157270072 1597.9800000000000
4.1663899283500 -941.5299923985204 1597.9800000000000
3.5628537724100 -941.5391707090170 1597.9800000000000
3.4550806341400 -941.5407485928362 1597.9800000000000
2.7511666154300 -941.5508366046973 1597.9800000000000
2.1033705920400 -941.5604518957085 1597.9800000000000
1.5050166452800 -941.5696231327884 1597.9800000000000
0.9291649892930 -941.5782769034287 1597.9800000000000
0.3905276701580 -941.5865143926462 1597.9800000000000
-0.1143458712370 -941.5942811932267 1597.9800000000000
-0.5911457504200 -941.6016475651202 1597.9800000000000
  
10.3237329306000 -941.4466835610147 1618.0799999999999
9.1675197615900 -941.4622963631977 1618.0799999999999
8.0401695466700 -941.4779670649227 1618.0799999999999
6.9652850630200 -941.4927738357094 1618.0799999999999
5.9465410110300 -941.5070150452908 1618.0799999999999
4.9777491876100 -941.5203076544057 1618.0799999999999
4.9763861701800 -941.5203265403450 1618.0799999999999
4.2081125464200 -941.5313807166051 1618.0799999999999
3.6061069608100 -941.5405421298966 1618.0799999999999
3.4985789345300 -941.5421165186114 1618.0799999999999
2.7959901757100 -941.5521820709762 1618.0799999999999
2.1497100735200 -941.5617749545667 1618.0799999999999
1.5530118224100 -941.5709238474135 1618.0799999999999
0.9786265550700 -941.5795544676201 1618.0799999999999
0.4414981504450 -941.5877686550516 1618.0799999999999
-0.0618568709968 -941.5955113044199 1618.0799999999999
-0.5371957528350 -941.6028535692889 1618.0799999999999
  
10.3515665876000 -941.4482773320955 1638.1800000000001
9.1986927767500 -941.4638459060487 1638.1800000000001
8.0739807557600 -941.4794842896382 1638.1800000000001
7.0013988683400 -941.4942586522997 1638.1800000000001
5.9847708911100 -941.5084699217628 1638.1800000000001
5.0178989495600 -941.5217297231734 1638.1800000000001
5.0165389427500 -941.5217485584101 1638.1800000000001
4.2498518989700 -941.5327802487719 1638.1800000000001
3.6493763052300 -941.5419247737482 1638.1800000000001
3.5420932918400 -941.5434956688410 1638.1800000000001
2.8408291812600 -941.5535387703983 1638.1800000000001
2.1960643677400 -941.5631092559585 1638.1800000000001
1.6010211673500 -941.5722358145593 1638.1800000000001
1.0281016702300 -941.5808432936594 1638.1800000000001
0.4924815611810 -941.5890341887480 1638.1800000000001
-0.0093555545416 -941.5967526960923 1638.1800000000001
-0.4832340465960 -941.6040708634449 1638.1800000000001
  
10.3794208211000 -941.4498821327235 1658.2800000000000
9.2298855946700 -941.4654064888086 1658.2800000000000
8.1078109839200 -941.4810125652365 1658.2800000000000
7.0375309384300 -941.4957545300689 1658.2800000000000
6.0230182838100 -941.5099358699613 1658.2800000000000
5.0580655029200 -941.5231628734233 1658.2800000000000
5.0567085055500 -941.5231816579815 1658.2800000000000
4.2916074148400 -941.5341908714845 1658.2800000000000
3.6926612540500 -941.5433185167343 1658.2800000000000
3.5856231578000 -941.5448859196375 1658.2800000000000
2.8856831043600 -941.5549065787840 1658.2800000000000
2.2424329682900 -941.5644546753891 1658.2800000000000
1.6490441954800 -941.5735589093915 1658.2800000000000
1.0775898710300 -941.5821432563999 1658.2800000000000
0.5434774595280 -941.5903108682676 1658.2800000000000
0.0431576560582 -941.5980052424658 1658.2800000000000
-0.4292610332560 -941.6052993214902 1658.2800000000000
  
10.4072949387000 -941.4514978439254 1678.3800000000001
9.2610975485500 -941.4669779921609 1678.3800000000001
8.1416595904200 -941.4825517720360 1678.3800000000001
7.0736806575800 -941.4972613489963 1678.3800000000001
6.0612825984200 -941.5114127695148 1678.3800000000001
5.0982482809300 -941.5246069844607 1678.3800000000001
5.0968942918900 -941.5246257183603 1678.3800000000001
4.3333785482100 -941.5356124637445 1678.3800000000001
3.7359612801300 -941.5447232375697 1678.3800000000001
3.6291680084800 -941.5462871496677 1678.3800000000001
2.9305514407100 -941.5562853745205 1678.3800000000001
2.2888153912900 -941.5658110909441 1678.3800000000001
1.6970804437500 -941.5748930096728 1678.3800000000001
1.1270907143500 -941.5834542333024 1678.3800000000001
0.5944854223560 -941.5915985707675 1678.3800000000001
0.0956823575352 -941.5992688204004 1678.3800000000001
-0.3752770964640 -941.6065388199761 1678.3800000000001
  
10.4351882782000 -941.4531243491112 1698.4800000000000
9.2923280007600 -941.4685602991872 1698.4800000000000
8.1755259625400 -941.4841017927675 1698.4800000000000
7.1098474370700 -941.4987789914857 1698.4800000000000
6.0995632701300 -941.5129005024908 1698.4800000000000
5.1384467417100 -941.5260619380441 1698.4800000000000
5.1370957598900 -941.5260806213074 1698.4800000000000
4.3751647771900 -941.5370449070226 1698.4800000000000
3.7792758794700 -941.5461388174485 1698.4800000000000
3.6727273429100 -941.5476992400788 1698.4800000000000
2.9754337081600 -941.5576750384924 1698.4800000000000
2.3352111740900 -941.5671783832148 1698.4800000000000
1.7451294694400 -941.5762379956861 1698.4800000000000
1.1766037765900 -941.5847761043618 1698.4800000000000
0.6455050451810 -941.5928971759506 1698.4800000000000
0.1482181644030 -941.6005433093150 1698.4800000000000
-0.3212826029350 -941.6077892380297 1698.4800000000000
  
10.4631140971000 -941.4547623511631 1718.5899999999999
9.3235918920300 -941.4701540904732 1718.5899999999999
8.2094263757500 -941.4856632916267 1718.5899999999999
7.1460487193000 -941.5003081053160 1718.5899999999999
6.1378788154400 -941.5143997014759 1718.5899999999999
5.1786803773300 -941.5275283501604 1718.5899999999999
5.1773324031700 -941.5275469827832 1718.5899999999999
4.4169864025300 -941.5384888058373 1718.5899999999999
3.8226261299400 -941.5475658522411 1718.5899999999999
3.7163223635900 -941.5491227849653 1718.5899999999999
3.0203517850000 -941.5590761533832 1718.5899999999999
2.3816429662400 -941.5685571234859 1718.5899999999999
1.7932147632700 -941.5775944273304 1718.5899999999999
1.2261532947000 -941.5861094177069 1718.5899999999999
0.6965613324080 -941.5942072200980 1718.5899999999999
0.2007908531730 -941.6018292332265 1718.5899999999999
-0.2672510328700 -941.6090510874153 1718.5899999999999
  
10.4910440157000 -941.4564101089680 1738.6900000000001
9.3548575453400 -941.4717576685713 1738.6900000000001
8.2433265537900 -941.4872346029625 1738.6900000000001
7.1822479617300 -941.5018470567450 1738.6900000000001
6.1761906110400 -941.5159087621698 1738.6900000000001
5.2189086779200 -941.5290046488375 1738.6900000000001
5.2175637089100 -941.5290232308636 1738.6900000000001
4.4588013534300 -941.5399426103385 1738.6900000000001
3.8659684568800 -941.5490028086173 1738.6900000000001
3.7599092552200 -941.5505562544238 1738.6900000000001
3.0652605573600 -941.5604872113535 1738.6900000000001
2.4280641663500 -941.5699458259028 1738.6900000000001
1.8412880976500 -941.5789608406519 1738.6900000000001
1.2756896023800 -941.5874527321148 1738.6900000000001
0.7476031367300 -941.5955272848603 1738.6900000000001
0.2533477858500 -941.6031251975131 1738.6900000000001
-0.2132364579570 -941.6103229971875 1738.6900000000001
  
10.5189913353000 -941.4580683245657 1758.7900000000000
9.3861399436000 -941.4733717132494 1758.7900000000000
8.2772428127100 -941.4888163901734 1758.7900000000000
7.2184626457900 -941.5033964927759 1758.7900000000000
6.2145172108900 -941.5174283164048 1758.7900000000000
5.2591511715500 -941.5304914493250 1758.7900000000000
5.2578092067000 -941.5305099807753 1758.7900000000000
4.5006299653100 -941.5414069243283 1758.7900000000000
3.9093239716600 -941.5504502817494 1758.7900000000000
3.8035092536000 -941.5520002418493 1758.7900000000000
3.1101819356000 -941.5619087944098 1758.7900000000000
2.4744974547600 -941.5713450610901 1758.7900000000000
1.8893729928100 -941.5803377949120 1758.7900000000000
1.3252369648700 -941.5888065950921 1758.7900000000000
0.7986554895670 -941.5968579059167 1758.7900000000000
0.3059147647170 -941.6044317256087 1758.7900000000000
-0.1592123338500 -941.6116054785477 1758.7900000000000
  
10.5469554994000 -941.4597368902555 1778.8900000000001
9.4174385512000 -941.4749961165259 1778.8900000000001
8.3111746378700 -941.4904085449865 1778.8900000000001
7.2546922770400 -941.5049563048607 1778.8900000000001
6.2528581407100 -941.5189582553494 1778.8900000000001
5.2994074032500 -941.5319886425320 1778.8900000000001
5.2980684415900 -941.5320071234250 1778.8900000000001
4.5424718000500 -941.5428816384714 1778.8900000000001
3.9526922512000 -941.5519081620714 1778.8900000000001
3.8471219382100 -941.5534546376402 1778.8900000000001
3.1551155150600 -941.5633407927238 1778.8900000000001
2.5209424432300 -941.5727547189755 1778.8900000000001
1.9374690772600 -941.5817251797746 1778.8900000000001
1.3747950267400 -941.5901708960629 1778.8900000000001
0.8497180516030 -941.5981989724446 1778.8900000000001
0.3584914664380 -941.6057487064515 1778.8900000000001
-0.1051789680920 -941.6128984201865 1778.8900000000001
  
10.5749359750000 -941.4614157004087 1798.9900000000000
9.4487528547800 -941.4766307725087 1798.9900000000000
8.3451215360700 -941.4920109612241 1798.9900000000000
7.2909363816500 -941.5065263865587 1798.9900000000000
6.2912129459800 -941.5204984722916 1798.9900000000000
5.3396769370300 -941.5334961214987 1798.9900000000000
5.3383409776200 -941.5335145518513 1798.9900000000000
4.5843264378400 -941.5443666455744 1798.9900000000000
3.9960728901100 -941.5533763421647 1798.9900000000000
3.8907469061300 -941.5549193343403 1798.9900000000000
3.2000609079900 -941.5647830986247 1798.9900000000000
2.5673987597800 -941.5741746916556 1798.9900000000000
1.9855759950800 -941.5831228870894 1798.9900000000000
1.4243634474900 -941.5915455266447 1798.9900000000000
0.9007904977410 -941.5995503758268 1798.9900000000000
0.4110775812360 -941.6070760311942 1798.9900000000000
-0.0511366553176 -941.6142017130211 1798.9900000000000
  
10.6029322507000 -941.4631046514187 1819.0899999999999
9.4800823621700 -941.4782755773342 1819.0899999999999
8.3790830344300 -941.4936235347534 1819.0899999999999
7.3271945053400 -941.5081066334811 1819.0899999999999
6.3295811909700 -941.5220488625838 1819.0899999999999
5.3799593549100 -941.5350137813360 1819.0899999999999
5.3786263968500 -941.5350321611668 1819.0899999999999
4.6261934761800 -941.5458618405249 1819.0899999999999
4.0394654997300 -941.5548547167060 1819.0899999999999
3.9343837710600 -941.5563942265900 1819.0899999999999
3.2450177426900 -941.5662356065471 1819.0899999999999
2.6138660478000 -941.5756048733380 1819.0899999999999
2.0336934050900 -941.5845308108258 1819.0899999999999
1.4739419007000 -941.5929303805829 1819.0899999999999
0.9518725163740 -941.6009120095812 1819.0899999999999
0.4636728122020 -941.6084135931383 1819.0899999999999
0.0029143220861 -941.6155152501240 1819.0899999999999
  
10.6309438364000 -941.4648036416372 1839.1900000000001
9.5114266012800 -941.4799304291133 1839.1900000000001
8.4130586794000 -941.4952461634256 1839.1900000000001
7.3634662123900 -941.5096969432370 1839.1900000000001
6.3679624577500 -941.5236093235851 1839.1900000000001
5.4202542560300 -941.5365415191716 1839.1900000000001
5.4189242984500 -941.5365598484975 1839.1900000000001
4.6680725291100 -941.5473671202359 1839.1900000000001
4.0828697073500 -941.5563431824044 1839.1900000000001
3.9780321625700 -941.5578792110658 1839.1900000000001
3.2899856627000 -941.5676982129665 1839.1900000000001
2.6603439653200 -941.5770451602854 1839.1900000000001
2.0818209801400 -941.5859488470152 1839.1900000000001
1.5235300733900 -941.5943253536964 1839.1900000000001
1.0029638087100 -941.6022837693130 1839.1900000000001
0.5162768746360 -941.6097612876735 1839.1900000000001
0.0569736933552 -941.6168389266702 1839.1900000000001
  
10.6589702613000 -941.4665125713383 1859.2900000000000
9.5427851191100 -941.4815952278813 1859.2900000000000
8.4470480358000 -941.4968787470249 1859.2900000000000
7.3997510847500 -941.5112972153775 1859.2900000000000
6.4063563453400 -941.5251797546065 1859.2900000000000
5.4605612557700 -941.5380792340975 1859.2900000000000
5.4592342978100 -941.5380975129355 1859.2900000000000
4.7099632262700 -941.5488823835929 1859.2900000000000
4.1262851553800 -941.5578416379489 1859.2900000000000
4.0216917252300 -941.5593741864230 1859.2900000000000
3.3349643260400 -941.5691708163490 1859.2900000000000
2.7068321842900 -941.5784954507567 1859.2900000000000
2.1299584063300 -941.5873768936984 1859.2900000000000
1.5731276652900 -941.5957303438190 1859.2900000000000
1.0540640881000 -941.6036655526461 1859.2900000000000
0.5688894954360 -941.6111190122256 1859.2900000000000
0.1110411987650 -941.6181726398726 1859.2900000000000
  
10.6870110739000 -941.4682313426505 1879.3900000000001
9.5741574808100 -941.4832698755428 1879.3900000000001
8.4810506858500 -941.4985211872200 1879.3900000000001
7.4360487210900 -941.5129073513449 1879.3900000000001
6.4447624688300 -941.5267600568616 1879.3900000000001
5.5008799849800 -941.5396268271127 1879.3900000000001
5.4995560258200 -941.5396450554790 1879.3900000000001
4.7518652122400 -941.5504075313976 1879.3900000000001
4.1697115005900 -941.5593499839526 1879.3900000000001
4.0653621179300 -941.5608790532435 1879.3900000000001
3.3799534044700 -941.5706533170951 1879.3900000000001
2.7533303898300 -941.5799556449530 1879.3900000000001
2.1781053824500 -941.5888148508633 1879.3900000000001
1.6227343882400 -941.5971452507434 1879.3900000000001
1.1051730794900 -941.6050572591739 1879.3900000000001
0.6215104125220 -941.6124866661912 1879.3900000000001
0.1651165890770 -941.6195162889287 1879.3900000000001
  
10.7150658402000 -941.4699598595246 1899.4900000000000
9.6055432687900 -941.4849542758298 1899.4900000000000
8.5150662284100 -941.5001733875091 1899.4900000000000
7.4723587360800 -941.5145272544232 1899.4900000000000
6.4831804586500 -941.5283501334112 1899.4900000000000
5.5412100891600 -941.5411842010761 1899.4900000000000
5.5398891280000 -941.5412023789859 1899.4900000000000
4.7937781456900 -941.5519424663179 1899.4900000000000
4.2131484134500 -941.5608681229022 1899.4900000000000
4.1090430131200 -941.5623937139852 1899.4900000000000
3.4249525828600 -941.5721456174838 1899.4900000000000
2.7998382796400 -941.5814256449640 1899.4900000000000
2.2262616192900 -941.5902626203991 1899.4900000000000
1.6723499655900 -941.5985699761685 1899.4900000000000
1.1562905187800 -941.6064587904044 1899.4900000000000
0.6741393742870 -941.6138641508912 1899.4900000000000
0.2191996250250 -941.6208697749660 1899.4900000000000
  
10.7431481113000 -941.4716988948173 1919.5999999999999
9.6369577063700 -941.4866491794505 1919.5999999999999
8.5491112105200 -941.5018360823659 1919.5999999999999
7.5086988331100 -941.5161576428142 1919.5999999999999
6.5216290817300 -941.5299506874125 1919.5999999999999
5.5815713007400 -941.5427520426828 1919.5999999999999
5.5802533382900 -941.5427701701260 1919.5999999999999
4.8357225588900 -941.5534878637077 1919.5999999999999
4.2566171954100 -941.5623967216274 1919.5999999999999
4.1527558355300 -941.5639188337163 1919.5999999999999
3.4699839534100 -941.5736483712971 1919.5999999999999
2.8463787085700 -941.5829060932958 1919.5999999999999
2.2744508040500 -941.5917208335596 1919.5999999999999
1.7219988223600 -941.6000051397070 1919.5999999999999
1.2074415899800 -941.6078707542300 1919.5999999999999
0.7268023284360 -941.6152520620814 1919.5999999999999
0.2733169893040 -941.6222336816198 1919.5999999999999
  
10.7712295577000 -941.4734466264061 1939.7000000000000
9.6683691652600 -941.4883528079682 1939.7000000000000
8.5831514029300 -941.5035075251733 1939.7000000000000
7.5450325149900 -941.5177968018321 1939.7000000000000
6.5600697584300 -941.5315600336477 1939.7000000000000
5.6219231519400 -941.5443286990577 1939.7000000000000
5.6206081859500 -941.5443467760742 1939.7000000000000
4.8776564216900 -941.5550420928380 1939.7000000000000
4.3000743111600 -941.5639341659358 1939.7000000000000
4.1964568090100 -941.5654528016798 1939.7000000000000
3.5150024400900 -941.5751599898564 1939.7000000000000
2.8929051116400 -941.5843954232806 1939.7000000000000
2.3226247441300 -941.5931879456044 1939.7000000000000
1.7716313258500 -941.6014492193646 1939.7000000000000
1.2585751780100 -941.6092916515529 1939.7000000000000
0.7794466678220 -941.6166489244113 1939.7000000000000
0.3274146397120 -941.6236065572349 1939.7000000000000
  
10.7993237555000 -941.4752038257714 1959.8000000000000
9.6997928929200 -941.4900659107273 1959.8000000000000
8.6172033759000 -941.5051884490537 1959.8000000000000
7.5813775074300 -941.5194454483395 1959.8000000000000
6.5985212771300 -941.5331788739433 1959.8000000000000
5.6622853957200 -941.5459148555793 1959.8000000000000
5.6609734254600 -941.5459328821835 1959.8000000000000
4.9196002861500 -941.5566058277541 1959.8000000000000
4.3435410813100 -941.5654811213615 1959.8000000000000
4.2401673773100 -941.5669962816519 1959.8000000000000
3.5600301534400 -941.5766811256584 1959.8000000000000
2.9394403613100 -941.5858942761504 1959.8000000000000
2.3708071435800 -941.5946645865259 1959.8000000000000
1.8212719172100 -941.6029028335041 1959.8000000000000
1.3097164822900 -941.6107220890274 1959.8000000000000
0.8320983548330 -941.6180553324074 1959.8000000000000
0.3815192729240 -941.6249889842273 1959.8000000000000
  
10.8274303343000 -941.4769704036634 1979.9000000000001
9.7312285328900 -941.4917883982882 1979.9000000000001
8.6512667870200 -941.5068787643709 1979.9000000000001
7.6177334815500 -941.5211034925169 1979.9000000000001
6.6369833224200 -941.5348071182921 1979.9000000000001
5.7026577296300 -941.5475104220659 1979.9000000000001
5.7013487543800 -941.5475283982702 1979.9000000000001
4.9615538610800 -941.5581789781136 1979.9000000000001
4.3870172246800 -941.5670374974035 1979.9000000000001
4.2838872609800 -941.5685491831049 1979.9000000000001
3.6050668246200 -941.5782116880280 1979.9000000000001
2.9859841997000 -941.5874025610660 1979.9000000000001
2.4189977557100 -941.5961506653118 1979.9000000000001
1.8709203605000 -941.6043658909518 1979.9000000000001
1.3608652775900 -941.6121619753162 1979.9000000000001
0.8847571749300 -941.6194711945723 1979.9000000000001
0.4356306849440 -941.6263808709369 1979.9000000000001
  
10.8555489379000 -941.4787462724225 2000.0000000000000
9.7626757422400 -941.4935201828173 2000.0000000000000
8.6853413069000 -941.5085783830991 2000.0000000000000
7.6541001209700 -941.5227708461609 2000.0000000000000
6.6754555908900 -941.5364446783082 2000.0000000000000
5.7430398626900 -941.5491153099606 2000.0000000000000
5.7417338817600 -941.5491332357814 2000.0000000000000
5.0035168663400 -941.5597614552036 2000.0000000000000
4.4305024708300 -941.5686032052031 2000.0000000000000
4.3276161912200 -941.5701114171553 2000.0000000000000
3.6501121950200 -941.5797515879337 2000.0000000000000
3.0325363787700 -941.5889201888424 2000.0000000000000
2.4671963432600 -941.5976460926114 2000.0000000000000
1.9205764287500 -941.6058383021985 2000.0000000000000
1.4120213473200 -941.6136112207521 2000.0000000000000
0.9374229217620 -941.6208964210869 2000.0000000000000
0.4897486795680 -941.6277821273823 2000.0000000000000
