-4.4121040129800 10.0000000000000 -941.5590042189913
-4.4117106141500 30.1000000000000 -941.5589999669000
-4.4085927299900 50.2000000000000 -941.5589710700988
-4.3990630276300 70.3000000000000 -941.5588838673686
-4.3817526628800 90.4000000000000 -941.5587321020646
-4.3575048409100 110.5100000000000 -941.5585348390066
-4.3277895600900 130.6100000000000 -941.5583152858811
-4.2938924710000 150.7100000000000 -941.5580916116760
-4.2568102999800 170.8100000000000 -941.5578765482686
-4.2172747029900 190.9100000000000 -941.5576785506908
-4.1758181021800 211.0100000000000 -941.5575031117837
-4.1328303929500 231.1100000000000 -941.5573537403468
-4.0886006619200 251.2100000000000 -941.5572326238241
-4.0433464490100 271.3100000000000 -941.5571410658363
-3.9972340413900 291.4100000000000 -941.5570797747203
-3.9503691162900 311.5200000000000 -941.5570490476501
-3.9029002108900 331.6200000000000 -941.5570489452592
-3.8548858201500 351.7200000000000 -941.5570792873318
-3.8127753989400 10.0000000000000 -941.5496287860316
-3.8124697711900 30.1000000000000 -941.5496259361233
-3.8099571369500 50.2000000000000 -941.5496066831685
-3.8063923196300 371.8200000000000 -941.5571397890377
-3.8017171222600 70.3000000000000 -941.5495400281906
-3.7861454536000 90.4000000000000 -941.5494160238694
-3.7638393464100 110.5100000000000 -941.5492498545431
-3.7574744445800 391.9200000000000 -941.5572300793217
-3.7361275643900 130.6100000000000 -941.5490624815609
-3.7081779250400 412.0200000000000 -941.5573497296250
-3.7042330974200 150.7100000000000 -941.5488710639581
-3.6691270552400 170.8100000000000 -941.5486879102956
-3.6585414288100 432.1200000000000 -941.5574982740036
-3.6315326171500 190.9100000000000 -941.5485213265434
-3.6085980098000 452.2200000000000 -941.5576752233081
-3.5919810627300 211.0100000000000 -941.5483767757228
-3.5583761998200 472.3200000000000 -941.5578800752401
-3.5508640804100 231.1100000000000 -941.5482577859323
-3.5084735490800 251.2100000000000 -941.5481665818075
-3.5079008412500 492.4200000000000 -941.5581123215238
-3.4650299687200 271.3100000000000 -941.5481045083873
-3.4571684479300 512.5300000000000 -941.5583715885672
-3.4207024186800 291.4100000000000 -941.5480723139533
-3.4062487331600 532.6300000000000 -941.5586571120353
-3.3755999575200 311.5200000000000 -941.5480703462755
-3.3551336278400 552.7300000000000 -941.5589685134225
-3.3298715815400 331.6200000000000 -941.5480986697204
-3.3038384047400 572.8300000000000 -941.5593052993343
-3.2835786010000 351.7200000000000 -941.5481571469035
-3.2523767642800 592.9299999999999 -941.5596669851133
-3.2367890815800 371.8200000000000 -941.5482455179938
-3.2007610453100 613.0300000000000 -941.5600530957864
-3.1895592411100 391.9200000000000 -941.5483634339673
-3.1809079346600 10.0000000000000 -941.5398524716846
-3.1806916020500 30.1000000000000 -941.5398510257335
-3.1787817819700 50.2000000000000 -941.5398412145623
-3.1718301367400 70.3000000000000 -941.5397946856834
-3.1580167387000 90.4000000000000 -941.5396981336999
-3.1490023995300 633.1300000000000 -941.5604631667087
-3.1419361170100 412.0200000000000 -941.5485104857748
-3.1376935017400 110.5100000000000 -941.5395629347403
-3.1120404697100 130.6100000000000 -941.5394077393413
-3.0971109372500 653.2300000000000 -941.5608967439842
-3.0939595369200 432.1200000000000 -941.5486862248430
-3.0822114704800 150.7100000000000 -941.5392486303433
-3.0491479201300 170.8100000000000 -941.5390974530510
-3.0456635898100 452.2200000000000 -941.5488901775784
-3.0450958504000 673.3300000000000 -941.5613533847149
-3.0135622696600 190.9100000000000 -941.5389623450087
-2.9970777364400 472.3200000000000 -941.5491218556897
-2.9929655171100 693.4299999999999 -941.5618326571184
-2.9759834984400 211.0100000000000 -941.5388487318878
-2.9482276571300 492.4200000000000 -941.5493807635728
-2.9407015767900 713.5400000000000 -941.5623343955066
-2.9368045335500 231.1100000000000 -941.5387601594898
-2.8991114262200 512.5300000000000 -941.5496665523008
-2.8963198105900 251.2100000000000 -941.5386988906769
-2.8883630174600 733.6400000000000 -941.5628576911588
-2.8547527168500 271.3100000000000 -941.5386663139057
-2.8497978405100 532.6300000000000 -941.5499784416641
-2.8359303035700 753.7400000000000 -941.5634023894952
-2.8122751310800 291.4100000000000 -941.5386632195856
-2.8002802670700 552.7300000000000 -941.5503160759826
-2.7834093414200 773.8400000000000 -941.5639681027417
-2.7689995688400 311.5200000000000 -941.5386900081076
-2.7505745552900 572.8300000000000 -941.5506789706661
-2.7308055677500 793.9400000000001 -941.5645544537413
-2.7250754796200 331.6200000000000 -941.5387467493299
-2.7006949345300 592.9299999999999 -941.5510666491499
-2.6805670825600 351.7200000000000 -941.5388333501637
-2.6781239949800 814.0400000000000 -941.5651610757399
-2.6506542298200 613.0300000000000 -941.5514786439104
-2.6355441926800 371.8200000000000 -941.5389495769745
-2.6253692512800 834.1400000000000 -941.5657876121433
-2.6004640405300 633.1300000000000 -941.5519144971754
-2.5900645652400 391.9200000000000 -941.5390951037331
-2.5725456161100 854.2400000000000 -941.5664337162735
-2.5501348898700 653.2300000000000 -941.5523737613950
-2.5441765947100 412.0200000000000 -941.5392695416656
-2.5196570518500 874.3400000000000 -941.5670990511052
-2.5161637267500 10.0000000000000 -941.5296700664434
-2.5160345190700 30.1000000000000 -941.5296699604295
-2.5147015528200 50.2000000000000 -941.5296690054790
-2.5089881435700 70.3000000000000 -941.5296414756758
-2.4996763510600 673.3300000000000 -941.5528559995388
-2.4979213129300 432.1200000000000 -941.5394724601756
-2.4968848977900 90.4000000000000 -941.5295711689835
-2.4785080524800 110.5100000000000 -941.5294658544399
-2.4667072321100 894.4400000000001 -941.5677832889996
-2.4548876136500 130.6100000000000 -941.5293418828469
-2.4513338833700 452.2200000000000 -941.5397034016997
-2.4490971548400 693.4299999999999 -941.5533607852587
-2.4271048971900 150.7100000000000 -941.5292142233213
-2.4136731810900 914.5500000000000 -941.5684864656774
-2.4044447306300 472.3200000000000 -941.5399618923203
-2.3983800349600 713.5400000000000 -941.5538879705366
-2.3960689829000 170.8100000000000 -941.5290942227791
-2.3624798658700 190.9100000000000 -941.5289898253710
-2.3606108132300 934.6500000000000 -941.5692075720142
-2.3572804038300 492.4200000000000 -941.5402474493832
-2.3475827437100 733.6400000000000 -941.5544366260164
-2.3268631598200 211.0100000000000 -941.5289064031587
-2.3098405950000 512.5300000000000 -941.5405597488289
-2.3074967193800 954.7500000000000 -941.5699466519978
-2.2966867965200 753.7400000000000 -941.5550066141284
-2.2896123854700 231.1100000000000 -941.5288475094493
-2.2621931486200 532.6300000000000 -941.5408979947355
-2.2543336462000 974.8500000000000 -941.5707034128651
-2.2510241477800 251.2100000000000 -941.5288154391168
-2.2456983602500 773.8400000000000 -941.5555975511279
-2.2143329193100 552.7300000000000 -941.5412618543511
-2.2113244908200 271.3100000000000 -941.5288116203758
-2.2011241549300 994.9500000000000 -941.5714775699076
-2.1946231137500 793.9400000000001 -941.5562090636066
-2.1706879573300 291.4100000000000 -941.5288368837126
-2.1662763520100 572.8300000000000 -941.5416508519586
-2.1478706364000 1015.0500000000000 -941.5722688462149
-2.1434662946600 814.0400000000000 -941.5568407882987
-2.1292304377200 311.5200000000000 -941.5288916807207
-2.1180382217800 592.9299999999999 -941.5420645191256
-2.0945753246300 1035.1500000000001 -941.5730769724223
-2.0922327408300 834.1400000000000 -941.5574923718611
-2.0871018001500 331.6200000000000 -941.5289760870535
-2.0696318547700 613.0300000000000 -941.5425023957965
-2.0443691453600 351.7200000000000 -941.5290900534724
-2.0412403091600 1055.2500000000000 -941.5739016864636
-2.0409269271100 854.2400000000000 -941.5581634706447
-2.0210693113400 633.1300000000000 -941.5429640310698
-2.0011040265800 371.8200000000000 -941.5292333726661
-1.9895529980600 874.3400000000000 -941.5588537504514
-1.9878675462900 1075.3499999999999 -941.5747427333341
-1.9723615394100 653.2300000000000 -941.5434489837266
-1.9573657318700 391.9200000000000 -941.5294057418340
-1.9381147973100 894.4400000000001 -941.5595628862845
-1.9344588692500 1095.4500000000000 -941.5755998648542
-1.9235185041100 673.3300000000000 -941.5439568225790
-1.9132040116200 412.0200000000000 -941.5296067927611
-1.8865902578300 914.5500000000000 -941.5602909286824
-1.8809894007800 1115.5599999999999 -941.5764732776624
-1.8745492982500 693.4299999999999 -941.5444871266775
-1.8686611023600 432.1200000000000 -941.5298361131280
-1.8350339413500 934.6500000000000 -941.5610368461018
-1.8275139327200 1135.6600000000001 -941.5773618678282
-1.8254377876800 713.5400000000000 -941.5450397656372
-1.8237732432100 452.2200000000000 -941.5300932616960
-1.8176795874500 10.0000000000000 -941.5190895533732
-1.8176397103200 30.1000000000000 -941.5190908181600
-1.8168681686500 50.2000000000000 -941.5190985053439
-1.8123363129900 70.3000000000000 -941.5190891834219
-1.8018699948200 90.4000000000000 -941.5190441322652
-1.7853679687500 110.5100000000000 -941.5189677908373
-1.7834233288900 954.7500000000000 -941.5618006970647
-1.7785718239200 472.3200000000000 -941.5303777791997
-1.7762404380900 733.6400000000000 -941.5456137894139
-1.7740074015900 1155.7600000000000 -941.5782658367176
-1.7637148918800 130.6100000000000 -941.5188742771454
-1.7379190346600 150.7100000000000 -941.5187774315840
-1.7330842635600 492.4200000000000 -941.5306891961990
-1.7317612971400 974.8500000000000 -941.5625821908286
-1.7269398520700 753.7400000000000 -941.5462090774022
-1.7204712336000 1175.8599999999999 -941.5791849612616
-1.7088556715100 170.8100000000000 -941.5186880730215
-1.6873118683400 512.5300000000000 -941.5310272133487
-1.6800505291800 994.9500000000000 -941.5633810445825
-1.6775424631800 773.8400000000000 -941.5468252498359
-1.6772110587600 190.9100000000000 -941.5186139262184
-1.6669067710100 1195.9600000000000 -941.5801190241513
-1.6435065214200 211.0100000000000 -941.5185602902444
-1.6413215401000 532.6300000000000 -941.5313910200256
-1.6282935300500 1015.0500000000000 -941.5641969831920
-1.6280541980200 793.9400000000001 -941.5474619370049
-1.6133152781000 1216.0599999999999 -941.5810678136485
-1.6081355476300 231.1100000000000 -941.5185307121191
-1.5951096170700 552.7300000000000 -941.5317803062148
-1.5784805245200 814.0400000000000 -941.5481187790767
-1.5764926409700 1035.1500000000001 -941.5650297389607
-1.5713964930100 251.2100000000000 -941.5185275089901
-1.5596979466200 1236.1600000000001 -941.5820311233994
-1.5486931400500 572.8300000000000 -941.5321946052590
-1.5335177772000 271.3100000000000 -941.5185521418998
-1.5288264948100 834.1400000000000 -941.5487954259077
-1.5246500521300 1055.2500000000000 -941.5658790513920
-1.5060559008400 1256.2600000000000 -941.5830087522538
-1.5020874300700 592.9299999999999 -941.5326334570284
-1.4946764153300 291.4100000000000 -941.5186054764010
-1.4790967832600 854.2400000000000 -941.5494915368274
-1.4727678144100 1075.3499999999999 -941.5667446669518
-1.4553063145300 613.0300000000000 -941.5330964090925
-1.4549915168900 311.5200000000000 -941.5186880114668
-1.4523902020900 1276.3599999999999 -941.5840005040928
-1.4292957204500 874.3400000000000 -941.5502067804135
-1.4208478499800 1095.4500000000000 -941.5676263388473
-1.4146133189300 331.6200000000000 -941.5187998260379
-1.4083623148400 633.1300000000000 -941.5335830175637
-1.3987018530800 1296.4600000000000 -941.5850061876645
-1.3794273234700 894.4400000000001 -941.5509408342577
-1.3736117115500 351.7200000000000 -941.5189409124554
-1.3688661046800 1115.5599999999999 -941.5685242772114
-1.3612668037500 653.2300000000000 -941.5340928476868
-1.3449650751200 1316.5699999999999 -941.5860261269899
-1.3320599338900 371.8200000000000 -941.5191110880595
-1.3294704661500 914.5500000000000 -941.5516937636843
-1.3168759696200 1135.6600000000001 -941.5694373549499
-1.3140301383300 673.3300000000000 -941.5346254742400
-1.2912342082700 1336.6700000000001 -941.5870591256374
-1.2900187664100 391.9200000000000 -941.5193100719470
-1.2794783024800 934.6500000000000 -941.5524645146580
-1.2666617735400 693.4299999999999 -941.5351804817863
-1.2648531958200 1155.7600000000000 -941.5703657867906
-1.2475392833000 412.0200000000000 -941.5195375153781
-1.2374833854800 1356.7700000000000 -941.5881055097899
-1.2294292352900 954.7500000000000 -941.5532531601995
-1.2191467028200 713.5400000000000 -941.5357577572701
-1.2127992795400 1175.8599999999999 -941.5713093507554
-1.2046648998100 432.1200000000000 -941.5197930234173
-1.1837134110900 1376.8699999999999 -941.5891651061113
-1.1793262737200 974.8500000000000 -941.5540594115464
-1.1715401145300 733.6400000000000 -941.5363563308732
-1.1614329092500 452.2200000000000 -941.5200761704041
-1.1607156291500 1195.9600000000000 -941.5722678305680
-1.1299250476000 1396.9700000000000 -941.5902377453872
-1.1291722248600 994.9500000000000 -941.5548829877379
-1.1238256939600 753.7400000000000 -941.5369760986390
-1.1178756484600 472.3200000000000 -941.5203865110965
-1.1086035713700 1216.0599999999999 -941.5732410154632
-1.0819367391100 30.1000000000000 -941.5080393389272
-1.0818869083500 10.0000000000000 -941.5080367716670
-1.0817333964500 50.2000000000000 -941.5080552464684
-1.0789697100600 1015.0500000000000 -941.5557236153783
-1.0784347223600 70.3000000000000 -941.5080637339078
-1.0761190182900 1417.0699999999999 -941.5913232623916
-1.0760101415900 773.8400000000000 -941.5376166848653
-1.0740213911600 492.4200000000000 -941.5207235887285
-1.0697201627100 90.4000000000000 -941.5080439086504
-1.0564643569400 1236.1600000000001 -941.5742287000073
-1.0552577110200 110.5100000000000 -941.5079968180044
-1.0357665518200 130.6100000000000 -941.5079341687820
-1.0298730230600 512.5300000000000 -941.5210871281116
-1.0287211795800 1035.1500000000001 -941.5565810283991
-1.0280996319100 793.9400000000001 -941.5382777236174
-1.0222960096600 1437.1700000000001 -941.5924214957563
-1.0121673662100 150.7100000000000 -941.5078685419966
-1.0042991658600 1256.2600000000000 -941.5752306839191
-0.9854965351200 532.6300000000000 -941.5214763037144
-0.9852929687980 170.8100000000000 -941.5078101600703
-0.9800998633750 814.0400000000000 -941.5389588585749
-0.9784289260050 1055.2500000000000 -941.5574549678328
-0.9684566737420 1457.2700000000000 -941.5935322878504
-0.9558112125130 190.9100000000000 -941.5077665008196
-0.9521091122730 1276.3599999999999 -941.5762467719059
-0.9408897177030 552.7300000000000 -941.5218908278100
-0.9320161026080 834.1400000000000 -941.5396597428613
-0.9280950964010 1075.3499999999999 -941.5583451815834
-0.9242367712370 211.0100000000000 -941.5077427845536
-0.9146016301330 1477.3699999999999 -941.5946554846615
-0.8998952488280 1296.4600000000000 -941.5772767734942
-0.8960701988630 572.8300000000000 -941.5223302424959
-0.8909619911780 231.1100000000000 -941.5077425565396
-0.8838532237860 854.2400000000000 -941.5403800388493
-0.8777217033780 1095.4500000000000 -941.5592514242086
-0.8607314680070 1497.4700000000000 -941.5957909356814
-0.8562865314400 251.2100000000000 -941.5077681649343
-0.8510538380200 592.9299999999999 -941.5227940956740
-0.8476325769110 1316.5699999999999 -941.5783210255289
-0.8356157437340 874.3400000000000 -941.5411194179546
-0.8272855459890 1115.5599999999999 -941.5601739193175
-0.8204410808790 271.3100000000000 -941.5078211135174
-0.8068199360560 1517.5799999999999 -941.5969390677119
-0.8058549571740 613.0300000000000 -941.5232819423015
-0.7953740154110 1336.6700000000001 -941.5793783080995
-0.7873078533360 894.4400000000001 -941.5418775604169
-0.7836051891720 291.4100000000000 -941.5079023125877
-0.7768385583560 1135.6600000000001 -941.5611115165914
-0.7604865329550 633.1300000000000 -941.5237933452935
-0.7529211847440 1537.6800000000001 -941.5980985950149
-0.7459014269490 311.5200000000000 -941.5080123172002
-0.7430944731130 1356.7700000000000 -941.5804489601476
-0.7389093629000 914.5500000000000 -941.5426545459846
-0.7263573359510 1155.7600000000000 -941.5620644441017
-0.7149603577290 653.2300000000000 -941.5243278761709
-0.7074803599860 331.6200000000000 -941.5081512176865
-0.6990089175620 1557.7800000000000 -941.5992699448836
-0.6907947947340 1376.8699999999999 -941.5815328089675
-0.6904720282950 934.6500000000000 -941.5434492990094
-0.6758434461880 1175.8599999999999 -941.5630324809348
-0.6692871759770 673.3300000000000 -941.5248851155092
-0.6684149425980 351.7200000000000 -941.5083190546546
-0.6450836188500 1577.8800000000001 -941.6004529797691
-0.6419751698040 954.7500000000000 -941.5442619066465
-0.6384757811020 1396.9700000000000 -941.5826296859435
-0.6287802619400 371.8200000000000 -941.5085156759660
-0.6252983645730 1195.9600000000000 -941.5640154118170
-0.6234768007310 693.4299999999999 -941.5254646532331
-0.5934219293210 974.8500000000000 -941.5450920821570
-0.5911457504200 1597.9800000000000 -941.6016475651202
-0.5886387391280 391.9200000000000 -941.5087408276422
-0.5861381919170 1417.0699999999999 -941.5837394264173
-0.5775153281740 713.5400000000000 -941.5260663934010
-0.5747234811880 1216.0599999999999 -941.5650130269313
-0.5480429049840 412.0200000000000 -941.5089941847314
-0.5448152383230 994.9500000000000 -941.5459395464756
-0.5371957528350 1618.0799999999999 -941.6028535692889
-0.5337827483120 1437.1700000000001 -941.5848618695633
-0.5314567087270 733.6400000000000 -941.5266893464660
-0.5241201066490 1236.1600000000001 -941.5660251217375
-0.5070374710110 432.1200000000000 -941.5092753733734
-0.4961578347290 1015.0500000000000 -941.5468040279833
-0.4852856862640 753.7400000000000 -941.5273334249271
-0.4832340465960 1638.1800000000001 -941.6040708634449
-0.4814101352240 1457.2700000000000 -941.5859968582637
-0.4734894775740 1256.2600000000000 -941.5670514968025
-0.4656608880430 452.2200000000000 -941.5095839866621
-0.4474522781980 1035.1500000000001 -941.5476852622795
-0.4390092256290 773.8400000000000 -941.5279982570486
-0.4292610332560 1658.2800000000000 -941.6052993214902
-0.4290210036020 1477.3699999999999 -941.5871442389962
-0.4239465306460 472.3200000000000 -941.5099195961088
-0.4228327616240 1276.3599999999999 -941.5680919576306
-0.3987009640170 1055.2500000000000 -941.5485829919611
-0.3926337469990 793.9400000000001 -941.5286834805821
-0.3819236065370 492.4200000000000 -941.5102817599826
-0.3766159724510 1497.4700000000000 -941.5883038617197
-0.3752770964640 1678.3800000000001 -941.6065388199761
-0.3721510621430 1296.4600000000000 -941.5691463145079
-0.3499061357490 1075.3499999999999 -941.5494969664048
-0.3461651773240 814.0400000000000 -941.5293887426374
-0.3395967485170 512.5300000000000 -941.5106702289974
-0.3241695472480 1517.5799999999999 -941.5894761656953
-0.3214201899490 1316.5699999999999 -941.5702149171018
-0.3212826029350 1698.4800000000000 -941.6077892380297
-0.3082590049740 50.2000000000000 -941.4965810497980
-0.3079027163620 30.1000000000000 -941.4965568413188
-0.3077565872040 10.0000000000000 -941.4965528467632
-0.3061095692780 70.3000000000000 -941.4966065885853
-0.3010698967470 1095.4500000000000 -941.5504269415497
-0.2996089959600 834.1400000000000 -941.5301136995324
-0.2990041660070 90.4000000000000 -941.4966106343400
-0.2970309013880 532.6300000000000 -941.5110841650838
-0.2864132295860 110.5100000000000 -941.4965912984129
-0.2717344484640 1537.6800000000001 -941.5906598415703
-0.2706915860210 1336.6700000000001 -941.5712965219637
-0.2689092631020 130.6100000000000 -941.4965581103905
-0.2672510328700 1718.5899999999999 -941.6090510874153
-0.2542254597000 552.7300000000000 -941.5115233040676
-0.2529702752810 854.2400000000000 -941.5308580166181
-0.2521698949000 1115.5599999999999 -941.5513731540946
-0.2473328259730 150.7100000000000 -941.4965224633521
-0.2224767284940 170.8100000000000 -941.4964939874532
-0.2199409642680 1356.7700000000000 -941.5723914807929
-0.2192851341520 1557.7800000000000 -941.5918553290626
-0.2132364579570 1738.6900000000001 -941.6103229971875
-0.2111986861680 572.8300000000000 -941.5119871981625
-0.2062537169400 874.3400000000000 -941.5316213680866
-0.2032566170100 1135.6600000000001 -941.5523344313593
-0.1949908796560 190.9100000000000 -941.4964798955000
-0.1691692103380 1376.8699999999999 -941.5734996214956
-0.1679670205330 592.9299999999999 -941.5124754045038
-0.1668221132970 1577.8800000000001 -941.5930624910096
-0.1653830629750 211.0100000000000 -941.4964853066186
-0.1594636843220 894.4400000000001 -941.5324034367699
-0.1592123338500 1758.7900000000000 -941.6116054785477
-0.1543074986180 1155.7600000000000 -941.5533110143712
-0.1340440479170 231.1100000000000 -941.4965137435498
-0.1245453166230 613.0300000000000 -941.5129874864914
-0.1183771639180 1396.9700000000000 -941.5746207760382
-0.1143458712370 1597.9800000000000 -941.5942811932267
-0.1125809018690 914.5500000000000 -941.5332043167087
-0.1053241785750 1175.8599999999999 -941.5543026833057
-0.1051789680920 1778.8900000000001 -941.6128984201865
-0.1012743504960 251.2100000000000 -941.4965675678774
-0.0809470394156 633.1300000000000 -941.5135230147833
-0.0675656216227 1417.0699999999999 -941.5757547803136
-0.0673065302186 271.3100000000000 -941.4966483117272
-0.0656557687122 934.6500000000000 -941.5340229107577
-0.0618568709968 1618.0799999999999 -941.5955113044199
-0.0563081997968 1195.9600000000000 -941.5553092239163
-0.0511366553176 1798.9900000000000 -941.6142017130211
-0.0371844304994 653.2300000000000 -941.5140815680105
-0.0323223337075 291.4100000000000 -941.4967569184862
-0.0186685004586 954.7500000000000 -941.5348593200846
-0.0167353396714 1437.1700000000001 -941.5769014740188
-0.0093555545416 1638.1800000000001 -941.5967526960923
-0.0072610160157 1216.0599999999999 -941.5563304273564
0.0029143220861 1819.0899999999999 -941.6155152501240
0.0035525627634 311.5200000000000 -941.4968939896639
0.0067313517445 673.3300000000000 -941.5146627332898
0.0283776290707 974.8500000000000 -941.5357132599327
0.0341129636313 1457.2700000000000 -941.5780607005389
0.0401673442607 331.6200000000000 -941.4970596197019
0.0418160020146 1236.1600000000001 -941.5573660900041
0.0431576560582 1658.2800000000000 -941.5980052424658
0.0507901123792 693.4299999999999 -941.5152661065744
0.0569736933552 1839.1900000000001 -941.6168389266702
0.0754795647837 994.9500000000000 -941.5365844530965
0.0774462587831 351.7200000000000 -941.4972538909750
0.0849786055878 1477.3699999999999 -941.5792323068232
0.0909215608148 1256.2600000000000 -941.5584160132913
0.0950045349088 713.5400000000000 -941.5158916092807
0.0956823575352 1678.3800000000001 -941.5992688204004
0.1110411987650 1859.2900000000000 -941.6181726398726
0.1153125287960 371.8200000000000 -941.4974766766695
0.1226344528460 1015.0500000000000 -941.5374726297013
0.1358609369670 1497.4700000000000 -941.5804161432825
0.1393220798440 733.6400000000000 -941.5165382333722
0.1400544389310 1276.3599999999999 -941.5594800035444
0.1482181644030 1698.4800000000000 -941.6005433093150
0.1537022237400 391.9200000000000 -941.4977277454103
0.1651165890770 1879.3900000000001 -941.6195162889287
0.1698396248230 1035.1500000000001 -941.5383775269839
0.1837568309160 753.7400000000000 -941.5172059079407
0.1867846665010 1517.5799999999999 -941.5816126616476
0.1892134820960 1296.4600000000000 -941.5605578718253
0.1925614660650 412.0200000000000 -941.4980067924026
0.2007908531730 1718.5899999999999 -941.6018292332265
0.2170925832750 1055.2500000000000 -941.5392988890781
0.2191996250250 1899.4900000000000 -941.6208697749660
0.2283015429620 773.8400000000000 -941.5178942656565
0.2318443406520 432.1200000000000 -941.4983134617945
0.2376985606370 1537.6800000000001 -941.5828205288951
0.2384220745510 1316.5699999999999 -941.5616499802198
0.2533477858500 1738.6900000000001 -941.6031251975131
0.2643909886340 1075.3499999999999 -941.5402364668045
0.2715113177030 452.2200000000000 -941.4986473628136
0.2729495356190 793.9400000000001 -941.5186029483554
0.2733169893040 1919.5999999999999 -941.6222336816198
0.2876302435320 1336.6700000000001 -941.5627550626020
0.2886273777890 1557.7800000000000 -941.5840401971759
0.3059147647170 1758.7900000000000 -941.6044317256087
0.3115280519650 472.3200000000000 -941.4990080814825
0.3117326472600 1095.4500000000000 -941.5411900174623
0.3176946401940 814.0400000000000 -941.5193316069395
0.3274146397120 1939.7000000000000 -941.6236065572349
0.3368614745140 1356.7700000000000 -941.5638734830243
0.3395705840150 1577.8800000000001 -941.5852715297021
0.3518644592220 492.4200000000000 -941.4993951891666
0.3584914664380 1778.8900000000001 -941.6057487064515
0.3591390840150 1115.5599999999999 -941.5421597907398
0.3625311525040 834.1400000000000 -941.5200799012534
0.3815192729240 1959.8000000000000 -941.6249889842273
0.3861148407040 1376.8699999999999 -941.5650050700203
0.3905276701580 1597.9800000000000 -941.5865143926462
0.3925142809240 512.5300000000000 -941.4998084607413
0.4065612174300 1135.6600000000001 -941.5431445917296
0.4074537908810 854.2400000000000 -941.5208474999241
0.4110775812360 1798.9900000000000 -941.6070760311942
0.4334135177490 532.6300000000000 -941.5002470442552
0.4353894633450 1396.9700000000000 -941.5661496561519
0.4356306849440 1979.9000000000001 -941.6263808709369
0.4414981504450 1618.0799999999999 -941.5877686550516
0.4524576586640 874.3400000000000 -941.5216340801987
0.4540207934110 1155.7600000000000 -941.5441446743171
0.4636728122020 1819.0899999999999 -941.6084135931383
0.4745612802990 552.7300000000000 -941.5007106977322
0.4846845087070 1417.0699999999999 -941.5673070778781
0.4897486795680 2000.0000000000000 -941.6277821273823
0.4924815611810 1638.1800000000001 -941.5890341887480
0.4975382106070 894.4400000000001 -941.5224393277531
0.5015161019760 1175.8599999999999 -941.5451598197483
0.5062159757440 50.2000000000000 -941.4846533343334
0.5071468616720 30.1000000000000 -941.4846204233241
0.5072857030620 70.3000000000000 -941.4846954136702
0.5074045520230 10.0000000000000 -941.4846147572522
0.5129365048220 90.4000000000000 -941.4847219453103
0.5159387039050 572.8300000000000 -941.5011989823673
0.5162768746360 1839.1900000000001 -941.6097612876735
0.5238601650090 110.5100000000000 -941.4847285945021
0.5339991852880 1437.1700000000001 -941.5684771754356
0.5396034256190 130.6100000000000 -941.4847230587065
0.5427137042710 914.5500000000000 -941.5232633507808
0.5434774595280 1658.2800000000000 -941.5903108682676
0.5490455330790 1195.9600000000000 -941.5461898147894
0.5575287971960 592.9299999999999 -941.5017114635230
0.5593912102810 150.7100000000000 -941.4847157010687
0.5688894954360 1859.2900000000000 -941.6111190122256
0.5824637338850 170.8100000000000 -941.4847156132569
0.5833327412270 1457.2700000000000 -941.5696597927185
0.5879352798330 934.6500000000000 -941.5241050315974
0.5944854223560 1678.3800000000001 -941.5915985707675
0.5966075695910 1216.0599999999999 -941.5472344515468
0.5993161997950 613.0300000000000 -941.5022477121540
0.6081860244010 190.9100000000000 -941.4847297488824
0.6215104125220 1879.3900000000001 -941.6124866661912
0.6326844618960 1477.3699999999999 -941.5708547771644
0.6332217237010 954.7500000000000 -941.5249644852075
0.6342217969540 50.2000000000000 -941.4827856562335
0.6351126345020 70.3000000000000 -941.4828303418547
0.6352433981250 30.1000000000000 -941.4827514237281
0.6355183964840 10.0000000000000 -941.4827455058535
0.6360560829340 211.0100000000000 -941.4847631127697
0.6405132768010 90.4000000000000 -941.4828605140299
0.6412869807110 633.1300000000000 -941.5028073058637
0.6442007808510 1236.1600000000001 -941.5482935273012
0.6455050451810 1698.4800000000000 -941.5928971759506
0.6511436725410 110.5100000000000 -941.4828714247606
0.6656844859410 231.1100000000000 -941.4848191861907
0.6665731848370 130.6100000000000 -941.4828704413876
0.6741393742870 1899.4900000000000 -941.6138641508912
0.6785696233130 974.8500000000000 -941.5258414290207
0.6820536676590 1497.4700000000000 -941.5720619796498
0.6834284689370 653.2300000000000 -941.5033898296826
0.6860398326530 150.7100000000000 -941.4828677368860
0.6918238167300 1256.2600000000000 -941.5493668443396
0.6965613324080 1718.5899999999999 -941.5942072200980
0.6967700121750 251.2100000000000 -941.4849003248715
0.7087907016340 170.8100000000000 -941.4828723037828
0.7239757936430 994.9500000000000 -941.5267355878585
0.7257291098060 673.3300000000000 -941.5039948766328
0.7268023284360 1919.5999999999999 -941.6152520620814
0.7290785326640 271.3100000000000 -941.4850080716981
0.7314642860560 1517.5799999999999 -941.5732818639596
0.7341940802930 190.9100000000000 -941.4828910491234
0.7394754021740 1276.3599999999999 -941.5504542097943
0.7476031367300 1738.6900000000001 -941.5955272848603
0.7617493443390 211.0100000000000 -941.4829289585125
0.7624264462180 291.4100000000000 -941.4851433878446
0.7681783421850 693.4299999999999 -941.5046220481217
0.7694372590750 1015.0500000000000 -941.5276466937464
0.7794466678220 1939.7000000000000 -941.6166489244113
0.7808665607550 1537.6800000000001 -941.5745130742555
0.7871543321690 1296.4600000000000 -941.5515554354912
0.7910675013170 231.1100000000000 -941.4829895076011
0.7966854112610 311.5200000000000 -941.4853069079504
0.7986554895670 1758.7900000000000 -941.5968579059167
0.8107877138900 713.5400000000000 -941.5052712823943
0.8149512369430 1035.1500000000001 -941.5285744857027
0.8218473077750 251.2100000000000 -941.4830750529715
0.8302844712420 1557.7800000000000 -941.5757560747119
0.8317044599030 331.6200000000000 -941.4854987201657
0.8320983548330 1959.8000000000000 -941.6180553324074
0.8348832073400 1316.5699999999999 -941.5526708958507
0.8497180516030 1778.8900000000001 -941.5981989724446
0.8535059677430 733.6400000000000 -941.5059415524873
0.8538544089450 271.3100000000000 -941.4831871412288
0.8605151225730 1055.2500000000000 -941.5295187095321
0.8674054232450 351.7200000000000 -941.4857189390287
0.8797174584630 1577.8800000000001 -941.5770107289244
0.8826134809540 1336.6700000000001 -941.5537993022075
0.8847571749300 1979.9000000000001 -941.6194711945723
0.8869048994400 291.4100000000000 -941.4833267383261
0.8963460970560 753.7400000000000 -941.5066328036432
0.9007904977410 1798.9900000000000 -941.5995503758268
0.9037100739870 371.8200000000000 -941.4859674552280
0.9061264756610 1075.3499999999999 -941.5304791176259
0.9208699710210 311.5200000000000 -941.4834944859567
0.9291649892930 1597.9800000000000 -941.5782769034287
0.9303678591750 1356.7700000000000 -941.5549410308823
0.9374229217620 2000.0000000000000 -941.6208964210869
0.9393005865530 773.8400000000000 -941.5073446725545
0.9405531815670 391.9200000000000 -941.4862440533752
0.9517830078570 1095.4500000000000 -941.5314554687576
0.9518725163740 1819.0899999999999 -941.6009120095812
0.9555986378530 331.6200000000000 -941.4836904728209
0.9778797033860 412.0200000000000 -941.4865484432183
0.9781453741830 1376.8699999999999 -941.5560959110276
0.9786265550700 1618.0799999999999 -941.5795544676201
0.9823625049030 793.9400000000001 -941.5080768047906
0.9910122970470 351.7200000000000 -941.4839148199466
0.9975053179050 1115.5599999999999 -941.5324480253267
1.0029638087100 1839.1900000000001 -941.6022837693130
1.0156426781700 432.1200000000000 -941.4868802821254
1.0255254500100 814.0400000000000 -941.5088288547296
1.0259451082700 1396.9700000000000 -941.5572637757919
1.0270324610800 371.8200000000000 -941.4841674219779
1.0281016702300 1638.1800000000001 -941.5808432936594
1.0432459153200 1135.6600000000001 -941.5334555710727
1.0538016336900 452.2200000000000 -941.4872391913630
1.0540640881000 1859.2900000000000 -941.6036655526461
1.0635936656000 391.9200000000000 -941.4844480670715
1.0687835004400 834.1400000000000 -941.5096004854455
1.0737661906900 1417.0699999999999 -941.5584444621912
1.0775898710300 1658.2800000000000 -941.5821432563999
1.0890256290700 1155.7600000000000 -941.5344783724469
1.0923213726100 472.3200000000000 -941.4876247679418
1.1006406586300 412.0200000000000 -941.4847564681445
1.1051730794900 1879.3900000000001 -941.6050572591739
1.1121311721000 854.2400000000000 -941.5103913685778
1.1216077947600 1437.1700000000001 -941.5596378109933
1.1270907143500 1678.3800000000001 -941.5834542333024
1.1311710373900 492.4200000000000 -941.4880365932834
1.1348426746300 1175.8599999999999 -941.5355162118578
1.1381262913900 432.1200000000000 -941.4850922854015
1.1555633796000 874.3400000000000 -941.5112011841807
1.1562905187800 1899.4900000000000 -941.6064587904044
1.1694691351400 1457.2700000000000 -941.5608436665964
1.1703429325700 512.5300000000000 -941.4884744636898
1.1760099233700 452.2200000000000 -941.4854551426509
1.1766037765900 1698.4800000000000 -941.5847761043618
1.1806953716600 1195.9600000000000 -941.5365688771623
1.1990754015500 894.4400000000001 -941.5120296205505
1.2074415899800 1919.5999999999999 -941.6078707542300
1.2097738850000 532.6300000000000 -941.4889375112364
1.2142562057800 472.3200000000000 -941.4858446391886
1.2173494653600 1477.3699999999999 -941.5620618769196
1.2261532947000 1718.5899999999999 -941.5861094177069
1.2265821366300 1216.0599999999999 -941.5376361615016
1.2426845527900 914.5500000000000 -941.5128767998318
1.2494616786000 552.7300000000000 -941.4894255140341
1.2528341443400 492.4200000000000 -941.4862603584992
1.2585751780100 1939.7000000000000 -941.6092916515529
1.2652480754600 1497.4700000000000 -941.5632922932930
1.2725014761600 1236.1600000000001 -941.5387178631303
1.2756896023800 1738.6900000000001 -941.5874527321148
1.2863433774400 934.6500000000000 -941.5137415835985
1.2893869073400 572.8300000000000 -941.4899380405018
1.2917357857100 512.5300000000000 -941.4867021006722
1.3097164822900 1959.8000000000000 -941.6107220890274
1.3131881330000 1517.5799999999999 -941.5645353914827
1.3184519808400 1256.2600000000000 -941.5398137852573
1.3252369648700 1758.7900000000000 -941.5888065950921
1.3295320816100 592.9299999999999 -941.4904746626834
1.3300697384100 954.7500000000000 -941.5146241005197
1.3308981128700 532.6300000000000 -941.4871689956294
1.3608652775900 1979.9000000000001 -941.6121619753162
1.3611213166300 1537.6800000000001 -941.5657897929741
1.3633367549500 70.3000000000000 -941.4722263697307
1.3634427071600 50.2000000000000 -941.4721687597788
1.3644323195200 1276.3599999999999 -941.5409237358866
1.3649160598400 30.1000000000000 -941.4721286776723
1.3652655302800 10.0000000000000 -941.4721217848023
1.3672668502300 90.4000000000000 -941.4722755778173
1.3698813816600 613.0300000000000 -941.4910349577214
1.3703186723900 552.7300000000000 -941.4876608249567
1.3738600884300 974.8500000000000 -941.5155240700071
1.3747950267400 1778.8900000000001 -941.5901708960629
1.3761278088200 110.5100000000000 -941.4723092443116
1.3896385102500 130.6100000000000 -941.4723327115079
1.4071267972500 150.7100000000000 -941.4723549617125
1.4090708481100 1557.7800000000000 -941.5670559738869
1.4099779644600 572.8300000000000 -941.4881771584863
1.4104204522200 633.1300000000000 -941.4916185089590
1.4104412340700 1296.4600000000000 -941.5420475276709
1.4120213473200 2000.0000000000000 -941.6136112207521
1.4177111162600 994.9500000000000 -941.5164412187607
1.4243634474900 1798.9900000000000 -941.5915455266447
1.4278882095400 170.8100000000000 -941.4723843701722
1.4498584136000 592.9299999999999 -941.4887175695535
1.4511362299400 653.2300000000000 -941.4922249067523
1.4513148094800 190.9100000000000 -941.4724275619981
1.4565004448700 1316.5699999999999 -941.5431855470232
1.4570361433500 1577.8800000000001 -941.5683337981924
1.4616197279200 1015.0500000000000 -941.5173752805642
1.4739419007000 1819.0899999999999 -941.5929303805829
1.4769165471400 211.0100000000000 -941.4724894155329
1.4899441212000 613.0300000000000 -941.4892816364870
1.4920167968500 673.3300000000000 -941.4928537490725
1.5025630180100 1336.6700000000001 -941.5443364835847
1.5043082487700 231.1100000000000 -941.4725733851138
1.5050166452800 1597.9800000000000 -941.5696231327884
1.5055830296600 1035.1500000000001 -941.5183259960875
1.5235300733900 1839.1900000000001 -941.5943253536964
1.5302206595100 633.1300000000000 -941.4898689437202
1.5330512550200 693.4299999999999 -941.4935046419278
1.5331891536600 251.2100000000000 -941.4726818458197
1.5486507839000 1356.7700000000000 -941.5455007255997
1.5495983125100 1055.2500000000000 -941.5192931126855
1.5530118224100 1618.0799999999999 -941.5709238474135
1.5633238276100 271.3100000000000 -941.4728163792787
1.5706748983700 653.2300000000000 -941.4904790826129
1.5731276652900 1859.2900000000000 -941.5957303438190
1.5742501395500 713.5400000000000 -941.4941775395944
1.5936630381300 1075.3499999999999 -941.5202763842069
1.5945266305000 291.4100000000000 -941.4729779915374
1.5947627318300 1376.8699999999999 -941.5466781028875
1.6010211673500 1638.1800000000001 -941.5722358145593
1.6112948581700 673.3300000000000 -941.4911116520627
1.6155633056500 733.6400000000000 -941.4948713955642
1.6227343882400 1879.3900000000001 -941.5971452507434
1.6266659162500 311.5200000000000 -941.4731673747100
1.6377748259600 1095.4500000000000 -941.5212755707958
1.6408979033700 1396.9700000000000 -941.5478684492281
1.6490441954800 1658.2800000000000 -941.5735589093915
1.6520695840300 693.4299999999999 -941.4917662589347
1.6570027741800 753.7400000000000 -941.4955861705787
1.6595905979900 331.6200000000000 -941.4733846330490
1.6723499655900 1899.4900000000000 -941.5985699761685
1.6819534207600 1115.5599999999999 -941.5222909474813
1.6870553890700 1417.0699999999999 -941.5490716022396
1.6930094297700 713.5400000000000 -941.4924428601345
1.6932193611100 351.7200000000000 -941.4736299319587
1.6970804437500 1678.3800000000001 -941.5748930096728
1.6985607787800 773.8400000000000 -941.4963215047931
1.7219988223600 1919.5999999999999 -941.6000051397070
1.7261527855600 1135.6600000000001 -941.5233212765240
1.7274720740900 371.8200000000000 -941.4739031959691
1.7332343254900 1437.1700000000001 -941.5502874032592
1.7340644593800 733.6400000000000 -941.4931404062032
1.7402301543100 793.9400000000001 -941.4970770470089
1.7451294694400 1698.4800000000000 -941.5762379956861
1.7622817890400 391.9200000000000 -941.4742042397141
1.7703929042200 1155.7600000000000 -941.5243668368744
1.7716313258500 1939.7000000000000 -941.6014492193646
1.7752465194600 753.7400000000000 -941.4938588604074
1.7794338923000 1457.2700000000000 -941.5515156972295
1.7820042807900 814.0400000000000 -941.4978524546200
1.7932147632700 1718.5899999999999 -941.5775944273304
1.7975919229100 412.0200000000000 -941.4745327995254
1.8146719195600 1175.8599999999999 -941.5254274120188
1.8165478016600 773.8400000000000 -941.4945978635313
1.8212719172100 1959.8000000000000 -941.6029028335041
1.8238770335500 834.1400000000000 -941.4986473935189
1.8256533097500 1477.3699999999999 -941.5527563325846
1.8333541345700 432.1200000000000 -941.4748885563332
1.8412880976500 1738.6900000000001 -941.5789608406519
1.8579611017900 793.9400000000001 -941.4953570649641
1.8589880826800 1195.9600000000000 -941.5265027908348
1.8658427388300 854.2400000000000 -941.4994615379802
1.8695267147100 452.2200000000000 -941.4752711523394
1.8709203605000 1979.9000000000001 -941.6043658909518
1.8718918362000 1497.4700000000000 -941.5540091611467
1.8893729928100 1758.7900000000000 -941.5803377949120
1.8994797635700 814.0400000000000 -941.4961361226436
1.9033397453000 1216.0599999999999 -941.5275927674236
1.9060733545700 472.3200000000000 -941.4756802032141
1.9078961340700 874.3400000000000 -941.5002945705212
1.9181717837000 1517.5799999999999 -941.5552746702914
1.9205764287500 2000.0000000000000 -941.6058383021985
1.9374690772600 1778.8900000000001 -941.5817251797746
1.9410976285400 834.1400000000000 -941.4969347029688
1.9429621954500 492.4200000000000 -941.4761153070720
1.9477253528400 1236.1600000000001 -941.5286971409515
1.9500323322700 894.4400000000001 -941.5011461817445
1.9644464531400 1537.6800000000001 -941.5565514596642
1.9801836701400 512.5300000000000 -941.4765762866524
1.9828089914500 854.2400000000000 -941.4977524806874
1.9855759950800 1798.9900000000000 -941.5831228870894
1.9921434380200 1256.2600000000000 -941.5298157154855
1.9922678109800 914.5500000000000 -941.5020165074544
2.0107382131500 1557.7800000000000 -941.5578400169541
2.0176757252800 532.6300000000000 -941.4770622645556
2.0246085603600 874.3400000000000 -941.4985891387569
2.0336934050900 1819.0899999999999 -941.5845308108258
2.0345563353800 934.6500000000000 -941.5029043882290
2.0365926149300 1276.3599999999999 -941.5309482998443
2.0554344274300 552.7300000000000 -941.4775730426328
2.0570464534600 1577.8800000000001 -941.5591402065406
2.0664914208500 894.4400000000001 -941.4994443681920
2.0769149488000 954.7500000000000 -941.5038099661556
2.0810715736300 1296.4600000000000 -941.5320947074482
2.0818209801400 1839.1900000000001 -941.5859488470152
2.0934396920800 572.8300000000000 -941.4781082003705
2.1033705920400 1597.9800000000000 -941.5604518957085
2.1084738991800 914.5500000000000 -941.5003183069740
2.1193399766100 974.8500000000000 -941.5047329624269
2.1256012250200 1316.5699999999999 -941.5332553366821
2.1299584063300 1859.2900000000000 -941.5873768936984
2.1316734100200 592.9299999999999 -941.4786673198743
2.1497100735200 1618.0799999999999 -941.5617749545667
2.1505099881900 934.6500000000000 -941.5012097924493
2.1618279881200 994.9500000000000 -941.5056731054141
2.1701191943700 613.0300000000000 -941.4792499874613
2.1701361098300 1336.6700000000001 -941.5344288553918
2.1781053824500 1879.3900000000001 -941.5888148508633
2.1926165828600 954.7500000000000 -941.5021189688376
2.1960643677400 1638.1800000000001 -941.5631092559585
2.2043757772200 1015.0500000000000 -941.5066301304710
2.2087621698100 633.1300000000000 -941.4798557948536
2.2146972534300 1356.7700000000000 -941.5356156637234
2.2262616192900 1899.4900000000000 -941.5902626203991
2.2347899876200 974.8500000000000 -941.5030455576465
2.2424329682900 1658.2800000000000 -941.5644546753891
2.2469803448200 1035.1500000000001 -941.5076037797445
2.2475887951700 653.2300000000000 -941.4804843400832
2.2592836031800 1376.8699999999999 -941.5368155921219
2.2629635602500 70.3000000000000 -941.4593074909266
2.2642293004200 50.2000000000000 -941.4592333205759
2.2645732634500 70.3000000000000 -941.4592844452536
2.2652985470700 90.4000000000000 -941.4593794818858
2.2658414894200 50.2000000000000 -941.4592102354255
2.2663245786000 30.1000000000000 -941.4591843665852
2.2668062286200 10.0000000000000 -941.4591755892602
2.2669051469500 90.4000000000000 -941.4593564860215
2.2679383804700 30.1000000000000 -941.4591612563823
2.2684204757200 10.0000000000000 -941.4591524723822
2.2722903485200 110.5100000000000 -941.4594398398536
2.2738934654000 110.5100000000000 -941.4594169003190
2.2744508040500 1919.5999999999999 -941.5917208335596
2.2770267520900 994.9500000000000 -941.5039892875423
2.2837943013400 130.6100000000000 -941.4594919508188
2.2853937477300 130.6100000000000 -941.4594690710750
2.2865867127400 673.3300000000000 -941.4811352281605
2.2888153912900 1678.3800000000001 -941.5658110909441
2.2896388829200 1055.2500000000000 -941.5085938019801
2.2992211719100 150.7100000000000 -941.4595436100049
2.3008168760300 150.7100000000000 -941.4595207916450
2.3038941608500 1396.9700000000000 -941.5380284749557
2.3179119872600 170.8100000000000 -941.4596025430593
2.3193236517200 1015.0500000000000 -941.5049498941549
2.3195039410000 170.8100000000000 -941.4595797866116
2.3226247441300 1939.7000000000000 -941.5931879456044
2.3257446192900 693.4299999999999 -941.4818080715652
2.3323487600200 1075.3499999999999 -941.5095999523320
2.3352111740900 1698.4800000000000 -941.5671783832148
2.3392814326500 190.9100000000000 -941.4596750532893
2.3408696592800 190.9100000000000 -941.4596523587219
2.3485279791900 1417.0699999999999 -941.5392541504058
2.3616776701300 1035.1500000000001 -941.5059271198902
2.3628496531100 211.0100000000000 -941.4597658751144
2.3644341896000 211.0100000000000 -941.4597432421177
2.3650717464200 713.5400000000000 -941.4825028413857
2.3708071435800 1959.8000000000000 -941.5946645865259
2.3751075078900 1095.4500000000000 -941.5106219921773
2.3816429662400 1718.5899999999999 -941.5685571234859
2.3882352221800 231.1100000000000 -941.4598784110251
2.3898161100300 231.1100000000000 -941.4598558391648
2.3931841587700 1437.1700000000001 -941.5404924603441
2.4040859830400 1055.2500000000000 -941.5069207137379
2.4045194649400 733.6400000000000 -941.4832184748542
2.4151379026900 251.2100000000000 -941.4600150301328
2.4167151834000 251.2100000000000 -941.4599925189270
2.4179341168200 1115.5599999999999 -941.5116602090560
2.4189977557100 1979.9000000000001 -941.5961506653118
2.4280641663500 1738.6900000000001 -941.5699458259028
2.4378618450900 1457.2700000000000 -941.5417432502196
2.4433212539700 271.3100000000000 -941.4601773297463
2.4440985435800 753.7400000000000 -941.4839549486817
2.4448949669800 271.3100000000000 -941.4601548787060
2.4465459436900 1075.3499999999999 -941.5079304310800
2.4607838165200 1135.6600000000001 -941.5127133436102
2.4671963432600 2000.0000000000000 -941.5976460926114
2.4725979750900 291.4100000000000 -941.4603663407355
2.4741681569700 291.4100000000000 -941.4603439493844
2.4744974547600 1758.7900000000000 -941.5713450610901
2.4825602258400 1477.3699999999999 -941.5430063689507
2.4838009195400 773.8400000000000 -941.4847119077110
2.4890550694600 1095.4500000000000 -941.5089560335109
2.5028336074300 311.5200000000000 -941.4605827962511
2.5036758447300 1155.7600000000000 -941.5137816871871
2.5044002899800 311.5200000000000 -941.4605604641624
2.5209424432300 1778.8900000000001 -941.5727547189755
2.5236191527100 793.9400000000001 -941.4854890050849
2.5272785283700 1497.4700000000000 -941.5442816688214
2.5316322131300 1115.5599999999999 -941.5099978105413
2.5338770915500 331.6200000000000 -941.4608268010451
2.5354403071100 331.6200000000000 -941.4608045277565
2.5466082749700 1175.8599999999999 -941.5148650242476
2.5635463677600 814.0400000000000 -941.4862859022188
2.5656444004700 351.7200000000000 -941.4610985598515
2.5672041770300 351.7200000000000 -941.4610763449541
2.5673987597800 1798.9900000000000 -941.5741746916556
2.5720382794700 1517.5799999999999 -941.5455696488143
2.5742328397600 1135.6600000000001 -941.5110544994641
2.5895792928700 1195.9600000000000 -941.5159631445906
2.5980537855100 371.8200000000000 -941.4613980208424
2.5996101486900 371.8200000000000 -941.4613758639483
2.6035762027100 834.1400000000000 -941.4871022687385
2.6138660478000 1819.0899999999999 -941.5756048733380
2.6167942637400 1537.6800000000001 -941.5468688866470
2.6168760509500 1155.7600000000000 -941.5121263935772
2.6310368322100 391.9200000000000 -941.4617250200583
2.6325871883300 1216.0599999999999 -941.5170758431905
2.6325898055400 391.9200000000000 -941.4617029208021
2.6437027629900 854.2400000000000 -941.4879377823861
2.6595599088900 1175.8599999999999 -941.5132132775113
2.6603439653200 1839.1900000000001 -941.5770451602854
2.6615680668600 1557.7800000000000 -941.5481798815840
2.6645356349900 412.0200000000000 -941.4620793131110
2.6660852402000 412.0200000000000 -941.4620572711451
2.6756303482700 1236.1600000000001 -941.5182029200365
2.6839205803700 874.3400000000000 -941.4887921289035
2.6985006619600 432.1200000000000 -941.4624605982717
2.7000469191600 432.1200000000000 -941.4624386132665
2.7022825885100 1195.9600000000000 -941.5143149412265
2.7063590529100 1577.8800000000001 -941.5495024983844
2.7068321842900 1859.2900000000000 -941.5784954507567
2.7187072500800 1256.2600000000000 -941.5193441799759
2.7242245761400 894.4400000000001 -941.4896650018969
2.7328891308100 452.2200000000000 -941.4628685333539
2.7344320587100 452.2200000000000 -941.4628466049970
2.7450423696000 1216.0599999999999 -941.5154311798481
2.7511666154300 1597.9800000000000 -941.5508366046973
2.7533303898300 1879.3900000000001 -941.5799556449530
2.7618164554700 1276.3599999999999 -941.5204994325665
2.7646301397800 914.5500000000000 -941.4905565505096
2.7676637639200 472.3200000000000 -941.4633027481148
2.7692033799800 472.3200000000000 -941.4632808761094
2.7878376295400 1236.1600000000001 -941.5165617935078
2.7959901757100 1618.0799999999999 -941.5521820709762
2.7998382796400 1899.4900000000000 -941.5814256449640
2.8027918254900 492.4200000000000 -941.4637628534122
2.8043281460100 492.4200000000000 -941.4637410374753
2.8049566048600 1296.4600000000000 -941.5216684919285
2.8050926892700 934.6500000000000 -941.4914655968237
2.8306668366900 1256.2600000000000 -941.5177065871884
2.8382620836700 512.5300000000000 -941.4642486958747
2.8397951223300 512.5300000000000 -941.4642269357661
2.8408291812600 1638.1800000000001 -941.5535387703983
2.8456282010400 954.7500000000000 -941.4923922959282
2.8463787085700 1919.5999999999999 -941.5829060932958
2.8481478968800 1316.5699999999999 -941.5228517683694
2.8735285441900 1276.3599999999999 -941.5188653705760
2.8740135015700 532.6300000000000 -941.4647593839010
2.8755432743600 532.6300000000000 -941.4647376793366
2.8856831043600 1658.2800000000000 -941.5549065787840
2.8862328544100 974.8500000000000 -941.4933363712936
2.8913461586500 1336.6700000000001 -941.5240479078411
2.8929051116400 1939.7000000000000 -941.5843954232806
2.9100406107400 552.7300000000000 -941.4652947413385
2.9115671311800 552.7300000000000 -941.4652730920759
2.9164213843800 1296.4600000000000 -941.5200379579125
2.9269030819100 994.9500000000000 -941.4942975534204
2.9305514407100 1678.3800000000001 -941.5562853745205
2.9345717074200 1356.7700000000000 -941.5252573223546
2.9394403613100 1959.8000000000000 -941.5858942761504
2.9463227212600 572.8300000000000 -941.4658543564518
2.9478460021000 572.8300000000000 -941.4658327622591
2.9593654253100 1316.5699999999999 -941.5212247613721
2.9676355492700 1015.0500000000000 -941.4952755796585
2.9754337081600 1698.4800000000000 -941.5576750384924
2.9778234503700 1376.8699999999999 -941.5264798429196
2.9828411687700 592.9299999999999 -941.4664378193924
2.9843612220200 592.9299999999999 -941.4664162800491
2.9859841997000 1979.9000000000001 -941.5874025610660
3.0023167327300 1336.6700000000001 -941.5224244235091
3.0084271372100 1035.1500000000001 -941.4962701940215
3.0195790563200 613.0300000000000 -941.4670447238655
3.0203517850000 1718.5899999999999 -941.5590761533832
3.0210958933300 613.0300000000000 -941.4670232391635
3.0211003510500 1396.9700000000000 -941.5277153044486
3.0325363787700 2000.0000000000000 -941.5889201888424
3.0452954939900 1356.7700000000000 -941.5236373581911
3.0492749249200 1055.2500000000000 -941.4972811470083
3.0565210390900 633.1300000000000 -941.4676746683937
3.0580346705900 633.1300000000000 -941.4676532381335
3.0644014259300 1417.0699999999999 -941.5289635456322
3.0652605573600 1738.6900000000001 -941.5604872113535
3.0883006097200 1376.8699999999999 -941.5248633965263
3.0901761749400 1075.3499999999999 -941.4983081954171
3.0936531430400 653.2300000000000 -941.4683272572756
3.0951635791800 653.2300000000000 -941.4683058812676
3.1077257410700 1437.1700000000001 -941.5302244088314
3.1101819356000 1758.7900000000000 -941.5619087944098
3.1309626108200 673.3300000000000 -941.4690021013058
3.1311283194300 1095.4500000000000 -941.4993511021717
3.1313310372700 1396.9700000000000 -941.5261023735200
3.1324698611900 673.3300000000000 -941.4689807793708
3.1510724091000 1457.2700000000000 -941.5314977399597
3.1551155150600 1778.8900000000001 -941.5633407927238
3.1684377697200 693.4299999999999 -941.4696988183103
3.1699418434300 693.4299999999999 -941.4696775502769
3.1721493576100 1115.5599999999999 -941.5004101666237
3.1743857871800 1417.0699999999999 -941.5273541279525
3.1944405864400 1477.3699999999999 -941.5327833883788
3.2000609079900 1798.9900000000000 -941.5647830986247
3.2060866760900 713.5400000000000 -941.4704173961459
3.2075875801700 713.5400000000000 -941.4703961818776
3.2131962266500 1135.6600000000001 -941.5014841100475
3.2174639198900 1437.1700000000001 -941.5286185022677
3.2378294706600 1497.4700000000000 -941.5340812067936
3.2438620527100 733.6400000000000 -941.4711567529525
3.2450177426900 1819.0899999999999 -941.5662356065471
3.2453597969200 733.6400000000000 -941.4711355922683
3.2542871828300 1155.7600000000000 -941.5025732354527
3.2605645427000 1457.2700000000000 -941.5298953424601
3.2812598993100 1517.5799999999999 -941.5353917057834
3.2817735384500 753.7400000000000 -941.4719168815516
3.2832681305400 753.7400000000000 -941.4718957743032
3.2899856627000 1839.1900000000001 -941.5676982129665
3.2954202213700 1175.8599999999999 -941.5036773285105
3.3036868069300 1477.3699999999999 -941.5311844979675
3.3198127974700 773.8400000000000 -941.4726974307324
3.3213042448000 773.8400000000000 -941.4726763767802
3.3246879519700 1537.6800000000001 -941.5367134410537
3.3349643260400 1859.2900000000000 -941.5691708163490
3.3365934539800 1195.9600000000000 -941.5047961801656
3.3468299053100 1497.4700000000000 -941.5324858215660
3.3579721358300 793.9400000000001 -941.4734980573074
3.3594604453800 793.9400000000001 -941.4734770565176
3.3681345272700 1557.7800000000000 -941.5380469234346
3.3778051007600 1216.0599999999999 -941.5059295864685
3.3799534044700 1879.3900000000001 -941.5706533170951
3.3900145485900 1517.5799999999999 -941.5337998256473
3.3916702945800 70.3000000000000 -941.4433359635256
3.3919884086600 90.4000000000000 -941.4434392770988
3.3945341461400 50.2000000000000 -941.4432372314564
3.3962444420500 814.0400000000000 -941.4743184261058
3.3967033159900 110.5100000000000 -941.4435352703423
3.3976471437200 30.1000000000000 -941.4431729274502
3.3977296204700 814.0400000000000 -941.4742974783513
3.3984050407800 10.0000000000000 -941.4431600892528
3.4058006868300 130.6100000000000 -941.4436253156780
3.4115989646600 1577.8800000000001 -941.5393920180352
3.4187708305600 150.7100000000000 -941.4437159624501
3.4190534827500 1236.1600000000001 -941.5070773484284
3.4249525828600 1899.4900000000000 -941.5721456174838
3.4331970563700 1537.6800000000001 -941.5351250624957
3.4346231342300 834.1400000000000 -941.4751582099303
3.4349990918000 170.8100000000000 -941.4438142223682
3.4361051878300 834.1400000000000 -941.4751373150906
3.4539223740700 190.9100000000000 -941.4439260227283
3.4550806341400 1597.9800000000000 -941.5407485928362
3.4603370149900 1256.2600000000000 -941.5082392718541
3.4699839534100 1919.5999999999999 -941.5736483712971
3.4731021127900 854.2400000000000 -941.4760170894858
3.4745810475700 854.2400000000000 -941.4759962474458
3.4750708426500 211.0100000000000 -941.4440559120532
3.4763982008500 1557.7800000000000 -941.5364620447504
3.4980666920900 231.1100000000000 -941.4442072095517
3.4985789345300 1618.0799999999999 -941.5421165186114
3.5016542002600 1276.3599999999999 -941.5094151672140
3.5116757182900 874.3400000000000 -941.4768947532773
3.5131515399500 874.3400000000000 -941.4768739639269
3.5150024400900 1939.7000000000000 -941.5751599898564
3.5196173174700 1577.8800000000001 -941.5378106375780
3.5226100826500 251.2100000000000 -941.4443822550274
3.5420932918400 1638.1800000000001 -941.5434956688410
3.5430036231800 1296.4600000000000 -941.5106048494903
3.5484634355800 271.3100000000000 -941.4445826440756
3.5503386934500 894.4400000000001 -941.4777908974905
3.5518114074300 894.4400000000001 -941.4777701607251
3.5600301534400 1959.8000000000000 -941.5766811256584
3.5628537724100 1597.9800000000000 -941.5391707090170
3.5754376564700 291.4100000000000 -941.4448094193115
3.5844045395300 1316.5699999999999 -941.5118087400502
3.5856231578000 1658.2800000000000 -941.5448859196375
3.5891054467400 914.5500000000000 -941.4787056852222
3.5905750566800 914.5500000000000 -941.4786850009685
3.6033951596300 311.5200000000000 -941.4450633501497
3.6050668246200 1979.9000000000001 -941.5782116880280
3.6061069608100 1618.0799999999999 -941.5405421298966
3.6258145069300 1336.6700000000001 -941.5130254651160
3.6279328698900 934.6500000000000 -941.4796379176993
3.6291680084800 1678.3800000000001 -941.5462871496677
3.6293993822600 934.6500000000000 -941.4796172858356
3.6321851633100 331.6200000000000 -941.4453445238307
3.6493763052300 1638.1800000000001 -941.5419247737482
3.6501121950200 2000.0000000000000 -941.5797515879337
3.6617206274900 351.7200000000000 -941.4456531836280
3.6668359776400 954.7500000000000 -941.4805877636848
3.6672529045200 1356.7700000000000 -941.5142554476882
3.6682993971400 954.7500000000000 -941.4805671841202
3.6727273429100 1698.4800000000000 -941.5476992400788
3.6919180804600 371.8200000000000 -941.4459892966772
3.6926612540500 1658.2800000000000 -941.5433185167343
3.7058108125600 974.8500000000000 -941.4815549486245
3.7072711436800 974.8500000000000 -941.4815344212725
3.7087185944000 1376.8699999999999 -941.5154985194710
3.7163223635900 1718.5899999999999 -941.5491227849653
3.7227075429000 391.9200000000000 -941.4463527167283
3.7359612801300 1678.3800000000001 -941.5447232375697
3.7448536789600 994.9500000000000 -941.4825392048708
3.7463109259800 994.9500000000000 -941.4825187296485
3.7502104973700 1396.9700000000000 -941.5167545160328
3.7540296953500 412.0200000000000 -941.4467432157342
3.7599092552200 1738.6900000000001 -941.5505562544238
3.7792758794700 1698.4800000000000 -941.5461388174485
3.7839611223200 1015.0500000000000 -941.4835402715088
3.7854152893300 1015.0500000000000 -941.4835198483370
3.7858337297800 432.1200000000000 -941.4471605069662
3.7917275892200 1417.0699999999999 -941.5180232766945
3.8035092536000 1758.7900000000000 -941.5520002418493
3.8180757109100 452.2200000000000 -941.4476042619810
3.8226261299400 1718.5899999999999 -941.5475658522411
3.8231299104700 1035.1500000000001 -941.4845578941818
3.8245810013600 1035.1500000000001 -941.4845375229866
3.8332688973700 1437.1700000000001 -941.5193046444089
3.8471219382100 1778.8900000000001 -941.5534546376402
3.8507173170300 472.3200000000000 -941.4480741231304
3.8623570165200 1055.2500000000000 -941.4855918249211
3.8638050350200 1055.2500000000000 -941.4855715056289
3.8659684568800 1738.6900000000001 -941.5490028086173
3.8748334977200 1457.2700000000000 -941.5205984656569
3.8837248642400 492.4200000000000 -941.4485697128273
3.8907469061300 1798.9900000000000 -941.5549193343403
3.9016396033100 1075.3499999999999 -941.4866418219643
3.9030845529800 1075.3499999999999 -941.4866215545060
3.9093239716600 1758.7900000000000 -941.5504502817494
3.9164205117300 1477.3699999999999 -941.5219045903362
3.9170852109300 512.5300000000000 -941.4490909058645
3.9343837710600 1819.0899999999999 -941.5563942265900
3.9409750091800 1095.4500000000000 -941.4877076495885
3.9424168934400 1095.4500000000000 -941.4876874338984
3.9507386298200 532.6300000000000 -941.4496367852641
3.9526922512000 1778.8900000000001 -941.5519081620714
3.9580291036600 1497.4700000000000 -941.5232228716656
3.9780321625700 1839.1900000000001 -941.5578792110658
3.9803803420200 1115.5599999999999 -941.4887896198048
3.9818191626200 1115.5599999999999 -941.4887694558445
3.9846778786400 552.7300000000000 -941.4502072015063
3.9960728901100 1798.9900000000000 -941.5533763421647
3.9996791942600 1517.5799999999999 -941.5245538308815
4.0188816050800 572.8300000000000 -941.4508017511839
4.0198140626500 1135.6600000000001 -941.4898864323085
4.0212498242200 1135.6600000000001 -941.4898663199926
4.0216917252300 1859.2900000000000 -941.5593741864230
4.0394654997300 1819.0899999999999 -941.5548547167060
4.0413286034900 1537.6800000000001 -941.5258960038071
4.0533305355800 592.9299999999999 -941.4514200321532
4.0592935450200 1155.7600000000000 -941.4909984026374
4.0607262505600 1155.7600000000000 -941.4909783419070
4.0653621179300 1879.3900000000001 -941.5608790532435
4.0828697073500 1839.1900000000001 -941.5563431824044
4.0829973156400 1557.7800000000000 -941.5272499118928
4.0880072119600 613.0300000000000 -941.4520616452554
4.0988167103200 1175.8599999999999 -941.4921253175316
4.1002463626900 1175.8599999999999 -941.4921053083323
4.1090430131200 1899.4900000000000 -941.5623937139852
4.1228957714400 633.1300000000000 -941.4527261956306
4.1246846426700 1577.8800000000001 -941.5286154206680
4.1262851553800 1859.2900000000000 -941.5578416379489
4.1383816004100 1195.9600000000000 -941.4932669689430
4.1398082023600 1195.9600000000000 -941.4932470112208
4.1527558355300 1919.5999999999999 -941.5639188337163
4.1579817612800 653.2300000000000 -941.4534132937194
4.1663899283500 1597.9800000000000 -941.5299923985204
4.1697115005900 1879.3900000000001 -941.5593499839526
4.1779863693800 1216.0599999999999 -941.4944231538769
4.1794099235600 1216.0599999999999 -941.4944032475793
4.1932519811100 673.3300000000000 -941.4541225560228
4.1964568090100 1939.7000000000000 -941.5654528016798
4.2081125464200 1618.0799999999999 -941.5313807166051
4.2131484134500 1899.4900000000000 -941.5608681229022
4.2176292758800 1236.1600000000001 -941.4955936742398
4.2190497848100 1236.1600000000001 -941.4955738193187
4.2286943477600 693.4299999999999 -941.4548536056730
4.2401673773100 1959.8000000000000 -941.5669962816519
4.2498518989700 1638.1800000000001 -941.5327802487719
4.2566171954100 1919.5999999999999 -941.5623967216274
4.2573086759600 1256.2600000000000 -941.4967783366935
4.2587261420700 1256.2600000000000 -941.4967585331020
4.2643155299600 713.5400000000000 -941.4556064524857
4.2838872609800 1979.9000000000001 -941.5685491831049
4.2916074148400 1658.2800000000000 -941.5341908714845
4.2970230165400 1276.3599999999999 -941.4979769525128
4.2984374421500 1276.3599999999999 -941.4979572002048
4.3000699134700 733.6400000000000 -941.4563799851201
4.3000743111600 1939.7000000000000 -941.5639341659358
4.3276161912200 2000.0000000000000 -941.5701114171553
4.3333785482100 1678.3800000000001 -941.5356124637445
4.3359657988100 753.7400000000000 -941.4571742177417
4.3367708293300 1296.4600000000000 -941.4991893374420
4.3381822167000 1296.4600000000000 -941.4991696363747
4.3435410813100 1959.8000000000000 -941.5654811213615
4.3719945445100 773.8400000000000 -941.4579888031373
4.3751647771900 1698.4800000000000 -941.5370449070226
4.3765705240700 1316.5699999999999 -941.5004159248529
4.3779788738400 1316.5699999999999 -941.5003962750101
4.3870172246800 1979.9000000000001 -941.5670374974035
4.4081481720600 793.9400000000001 -941.4588234018466
4.4163812032800 1336.6700000000001 -941.5016553190843
4.4169864025300 1718.5899999999999 -941.5384888058373
4.4177865190300 1336.6700000000001 -941.5016357203991
4.4305024708300 2000.0000000000000 -941.5686032052031
4.4444193048500 814.0400000000000 -941.4596776821809
4.4562214045100 1356.7700000000000 -941.5029079550749
4.4576236882300 1356.7700000000000 -941.5028884075089
4.4588013534300 1738.6900000000001 -941.5399426103385
4.4808011136900 834.1400000000000 -941.4605513201967
4.4960899470500 1376.8699999999999 -941.5041736651460
4.4974892006600 1376.8699999999999 -941.5041541686626
4.5006299653100 1758.7900000000000 -941.5414069243283
4.5172872682100 854.2400000000000 -941.4614439996398
4.5359857110400 1396.9700000000000 -941.5054522854554
4.5373819363800 1396.9700000000000 -941.5054328400172
4.5424718000500 1778.8900000000001 -941.5428816384714
4.5538718934200 874.3400000000000 -941.4623554118599
4.5759076336400 1417.0699999999999 -941.5067436558783
4.5773008325000 1417.0699999999999 -941.5067242614523
4.5823236478300 90.4000000000000 -941.4267724874026
4.5841093504600 70.3000000000000 -941.4266395687247
4.5843264378400 1798.9900000000000 -941.5443666455744
4.5846218893500 110.5100000000000 -941.4269025018298
4.5885997151800 50.2000000000000 -941.4265179612796
4.5905495305600 894.4400000000001 -941.4632852557073
4.5911362062400 130.6100000000000 -941.4270289245999
4.5927280553100 30.1000000000000 -941.4264393952806
4.5937853420700 10.0000000000000 -941.4264223610036
4.6014509583600 150.7100000000000 -941.4271569816655
4.6150059464400 170.8100000000000 -941.4272929175177
4.6158547055500 1437.1700000000001 -941.5080476198997
4.6172448796400 1437.1700000000001 -941.5080282764518
4.6261934761800 1819.0899999999999 -941.5458618405249
4.6273334144200 914.5500000000000 -941.4642337135052
4.6312665661600 190.9100000000000 -941.4274422571253
4.6497766461100 211.0100000000000 -941.4276093552448
4.6558259677100 1457.2700000000000 -941.5093640245022
4.6572131186800 1457.2700000000000 -941.5093447320000
4.6641822322500 934.6500000000000 -941.4651995553342
4.6680725291100 1839.1900000000001 -941.5473671202359
4.6701640194000 231.1100000000000 -941.4277974503178
4.6921303015700 251.2100000000000 -941.4280088603869
4.6958205083100 1477.3699999999999 -941.5106927200673
4.6972046377600 1477.3699999999999 -941.5106734784799
4.7011098466400 954.7500000000000 -941.4661829689049
4.7099632262700 1859.2900000000000 -941.5488823835929
4.7154372812800 271.3100000000000 -941.4282451888248
4.7358374599400 1497.4700000000000 -941.5120335602655
4.7372185693900 1497.4700000000000 -941.5120143695632
4.7381121452100 974.8500000000000 -941.4671836817222
4.7398942653400 291.4100000000000 -941.4285074997706
4.7518652122400 1879.3900000000001 -941.5504075313976
4.7653604599100 311.5200000000000 -941.4287966070040
4.7751852869100 994.9500000000000 -941.4682014280718
4.7758959218900 1517.5799999999999 -941.5133870779883
4.7772740113300 1517.5799999999999 -941.5133679381680
4.7916855087600 331.6200000000000 -941.4291125909416
4.7937781456900 1899.4900000000000 -941.5519424663179
4.8123256807300 1015.0500000000000 -941.4692359488545
4.8159552682300 1537.6800000000001 -941.5147517870361
4.8173303406000 1537.6800000000001 -941.5147326980434
4.8187791458700 351.7200000000000 -941.4294557396915
4.8357225588900 1919.5999999999999 -941.5534878637077
4.8465560538900 371.8200000000000 -941.4298260458339
4.8495299662700 1035.1500000000001 -941.4702869914247
4.8560346641600 1557.7800000000000 -941.5161282204765
4.8574067208300 1557.7800000000000 -941.5161091822855
4.8749445642400 391.9200000000000 -941.4302233864347
4.8776564216900 1939.7000000000000 -941.5550420928380
4.8867949961200 1055.2500000000000 -941.4713543094180
4.8961333954400 1577.8800000000001 -941.5175162442184
4.8975024377600 1577.8800000000001 -941.5174972568026
4.9038838247700 412.0200000000000 -941.4306475546264
4.9196002861500 1959.8000000000000 -941.5566058277541
4.9241178197100 1075.3499999999999 -941.4724376625865
4.9333216416800 432.1200000000000 -941.4310982828450
4.9362507808300 1597.9800000000000 -941.5189157270072
4.9376168100800 1597.9800000000000 -941.5188967903421
4.9614956686200 1095.4500000000000 -941.4735368166339
4.9615538610800 1979.9000000000001 -941.5581789781136
4.9632128273800 452.2200000000000 -941.4315752599816
4.9763861701800 1618.0799999999999 -941.5203265403450
4.9777491876100 1618.0799999999999 -941.5203076544057
4.9935179272100 472.3200000000000 -941.4320781440821
4.9989445778200 1115.5599999999999 -941.4746521014733
5.0035168663400 2000.0000000000000 -941.5597614552036
5.0165389427500 1638.1800000000001 -941.5217485584101
5.0178989495600 1638.1800000000001 -941.5217297231734
5.0242022301700 492.4200000000000 -941.4326065717975
5.0364248590000 1135.6600000000001 -941.4757821849369
5.0552505144700 512.5300000000000 -941.4331604470789
5.0567085055500 1658.2800000000000 -941.5231816579815
5.0580655029200 1658.2800000000000 -941.5231628734233
5.0739528233200 1155.7600000000000 -941.4769274003329
5.0866045015200 532.6300000000000 -941.4337388322550
5.0968942918900 1678.3800000000001 -941.5246257183603
5.0982482809300 1678.3800000000001 -941.5246069844607
5.1115263075500 1175.8599999999999 -941.4780875355311
5.1182550196600 552.7300000000000 -941.4343416048882
5.1370957598900 1698.4800000000000 -941.5260806213074
5.1384467417100 1698.4800000000000 -941.5260619380441
5.1491432738300 1195.9600000000000 -941.4792623835513
5.1501800055200 572.8300000000000 -941.4349683714528
5.1773324031700 1718.5899999999999 -941.5275469827832
5.1786803773300 1718.5899999999999 -941.5275283501604
5.1823595331900 592.9299999999999 -941.4356187388781
5.1868018009100 1216.0599999999999 -941.4804517424077
5.2147755447700 613.0300000000000 -941.4362923163499
5.2175637089100 1738.6900000000001 -941.5290232308636
5.2189086779200 1738.6900000000001 -941.5290046488375
5.2245000761900 1236.1600000000001 -941.4816554149643
5.2474116251800 633.1300000000000 -941.4369887166963
5.2578092067000 1758.7900000000000 -941.5305099807753
5.2591511715500 1758.7900000000000 -941.5304914493250
5.2622363882800 1256.2600000000000 -941.4828732087869
5.2802528122300 653.2300000000000 -941.4377075574535
5.2980684415900 1778.8900000000001 -941.5320071234250
5.2994074032500 1778.8900000000001 -941.5319886425320
5.3000091202500 1276.3599999999999 -941.4841049360068
5.3132854349700 673.3300000000000 -941.4384484616791
5.3378167433700 1296.4600000000000 -941.4853504131809
5.3383409776200 1798.9900000000000 -941.5335145518513
5.3396769370300 1798.9900000000000 -941.5334961214987
5.3464969748800 693.4299999999999 -941.4392110585736
5.3756766457400 1316.5699999999999 -941.4866100909010
5.3786263968500 1819.0899999999999 -941.5350321611668
5.3798925923500 713.5400000000000 -941.4399953792044
5.3799593549100 1819.0899999999999 -941.5350137813360
5.4134285125400 733.6400000000000 -941.4408002861461
5.4135498046900 1336.6700000000001 -941.4878825413283
5.4189242984500 1839.1900000000001 -941.5365598484975
5.4202542560300 1839.1900000000001 -941.5365415191716
5.4471115807500 753.7400000000000 -941.4416258140780
5.4514537412000 1356.7700000000000 -941.4891682165530
5.4592342978100 1859.2900000000000 -941.5380975129355
5.4605612557700 1859.2900000000000 -941.5380792340975
5.4809328330800 773.8400000000000 -941.4424716202877
5.4893872255900 1376.8699999999999 -941.4904669495580
5.4995560258200 1879.3900000000001 -941.5396450554790
5.5008799849800 1879.3900000000001 -941.5396268271127
5.5148839911600 793.9400000000001 -941.4433373695014
5.5273490914100 1396.9700000000000 -941.4917785771252
5.5398891280000 1899.4900000000000 -941.5412023789859
5.5412100891600 1899.4900000000000 -941.5411842010761
5.5489573992100 814.0400000000000 -941.4442227339285
5.5653382315800 1417.0699999999999 -941.4931029397267
5.5802533382900 1919.5999999999999 -941.5427701701260
5.5815713007400 1919.5999999999999 -941.5427520426828
5.5831459679300 834.1400000000000 -941.4451273932602
5.6033535946800 1437.1700000000001 -941.4944398814141
5.6174431244100 854.2400000000000 -941.4460510346307
5.6206081859500 1939.7000000000000 -941.5443467760742
5.6219231519400 1939.7000000000000 -941.5443286990577
5.6413941816000 1457.2700000000000 -941.4957892497091
5.6518427672200 874.3400000000000 -941.4469933525538
5.6609734254600 1959.8000000000000 -941.5459328821835
5.6622853957200 1959.8000000000000 -941.5459148555793
5.6794590423700 1477.3699999999999 -941.4971508955060
5.6863392261200 894.4400000000001 -941.4479540488350
5.7013487543800 1979.9000000000001 -941.5475283982702
5.7026577296300 1979.9000000000001 -941.5475104220659
5.7175472732500 1497.4700000000000 -941.4985246729675
5.7209444556900 914.5500000000000 -941.4489333238758
5.7417338817600 2000.0000000000000 -941.5491332357814
5.7430398626900 2000.0000000000000 -941.5491153099606
5.7556191248300 934.6500000000000 -941.4499299196939
5.7556769800100 1517.5799999999999 -941.4999111318264
5.7903758387100 954.7500000000000 -941.4509440417597
5.7938094219100 1537.6800000000001 -941.5013087535697
5.8252103226200 974.8500000000000 -941.4519754198482
5.8319627732800 1557.7800000000000 -941.5027180880714
5.8426315791300 110.5100000000000 -941.4095235262571
5.8429226849900 90.4000000000000 -941.4093574377262
5.8463907087300 130.6100000000000 -941.4096883596349
5.8469946902600 70.3000000000000 -941.4091926868152
5.8533183039700 50.2000000000000 -941.4090455715163
5.8538750964500 150.7100000000000 -941.4098559028031
5.8586880921000 30.1000000000000 -941.4089497524234
5.8601185833000 994.9500000000000 -941.4530237903745
5.8601954657800 10.0000000000000 -941.4089264790063
5.8645786244800 170.8100000000000 -941.4100316459154
5.8701362898500 1577.8800000000001 -941.5041390016473
5.8779957430800 190.9100000000000 -941.4102207068341
5.8936846408900 211.0100000000000 -941.4104272374826
5.8950968869100 1015.0500000000000 -941.4540888962371
5.9083292616200 1597.9800000000000 -941.5055713634302
5.9112793755800 231.1100000000000 -941.4106543868605
5.9301417389200 1035.1500000000001 -941.4551704866678
5.9304834532500 251.2100000000000 -941.4109044442073
5.9465410110300 1618.0799999999999 -941.5070150452908
5.9510583364800 271.3100000000000 -941.4111790152906
5.9652498658200 1055.2500000000000 -941.4562683170659
5.9728119433400 291.4100000000000 -941.4114791817593
5.9847708911100 1638.1800000000001 -941.5084699217628
5.9956003211800 311.5200000000000 -941.4118057999467
6.0004181984900 1075.3499999999999 -941.4573821488437
6.0192738202000 331.6200000000000 -941.4121589389018
6.0230182838100 1658.2800000000000 -941.5099358699613
6.0356438569100 1095.4500000000000 -941.4585117492662
6.0437389195700 351.7200000000000 -941.4125389310559
6.0612825984200 1678.3800000000001 -941.5114127695148
6.0689084989700 371.8200000000000 -941.4129457931517
6.0709417018300 1115.5599999999999 -941.4596574648443
6.0947092290400 391.9200000000000 -941.4133794245745
6.0995632701300 1698.4800000000000 -941.5129005024908
6.1062740851600 1135.6600000000001 -941.4608179345302
6.1210787439000 412.0200000000000 -941.4138396388386
6.1378788154400 1718.5899999999999 -941.5143997014759
6.1416561544400 1155.7600000000000 -941.4619935080805
6.1479634766400 432.1200000000000 -941.4143261868985
6.1753169957800 452.2200000000000 -941.4148387744401
6.1761906110400 1738.6900000000001 -941.5159087621698
6.1770856583100 1175.8599999999999 -941.4631839745999
6.2030987192900 472.3200000000000 -941.4153770747464
6.2125604756600 1195.9600000000000 -941.4643891282739
6.2145172108900 1758.7900000000000 -941.5174283164048
6.2312729127300 492.4200000000000 -941.4159407383137
6.2480786065900 1216.0599999999999 -941.4656087682174
6.2528581407100 1778.8900000000001 -941.5189582553494
6.2598221835800 512.5300000000000 -941.4165296991030
6.2836381641100 1236.1600000000001 -941.4668426983369
6.2886898893800 532.6300000000000 -941.4171429960518
6.2912129459800 1798.9900000000000 -941.5204984722916
6.3178648370800 552.7300000000000 -941.4177805347242
6.3192373664800 1256.2600000000000 -941.4680907271827
6.3295811909700 1819.0899999999999 -941.5220488625838
6.3473242528300 572.8300000000000 -941.4184419312298
6.3548745301500 1276.3599999999999 -941.4693526678188
6.3679624577500 1839.1900000000001 -941.5236093235851
6.3770475586300 592.9299999999999 -941.4191268013446
6.3905480632700 1296.4600000000000 -941.4706283376879
6.4063563453400 1859.2900000000000 -941.5251797546065
6.4070160969700 613.0300000000000 -941.4198347623927
6.4262742334700 1316.5699999999999 -941.4719182032260
6.4372129004600 633.1300000000000 -941.4205654347021
6.4447624688300 1879.3900000000001 -941.5267600568616
6.4620160833700 1336.6700000000001 -941.4732208073630
6.4676224973900 653.2300000000000 -941.4213184427288
6.4831804586500 1899.4900000000000 -941.5283501334112
6.4977900187600 1356.7700000000000 -941.4745366179645
6.4982307460100 673.3300000000000 -941.4220934159282
6.5216290817300 1919.5999999999999 -941.5299506874125
6.5290246923000 693.4299999999999 -941.4228899894208
6.5335947588300 1376.8699999999999 -941.4758654687267
6.5600078951600 713.5400000000000 -941.4237082165967
6.5600697584300 1939.7000000000000 -941.5315600336477
6.5694290886000 1396.9700000000000 -941.4772071971113
6.5911386047400 733.6400000000000 -941.4245469313986
6.5985212771300 1959.8000000000000 -941.5331788739433
6.6052918548200 1417.0699999999999 -941.4785616442387
6.6224221179300 753.7400000000000 -941.4254061901122
6.6369833224200 1979.9000000000001 -941.5348071182921
6.6411819621900 1437.1700000000001 -941.4799286547726
6.6538491481400 773.8400000000000 -941.4262856544134
6.6754555908900 2000.0000000000000 -941.5364446783082
6.6770983698300 1457.2700000000000 -941.4813080768237
6.6854111168900 793.9400000000001 -941.4271849931137
6.7130400880000 1477.3699999999999 -941.4826997618419
6.7171000889800 814.0400000000000 -941.4281038822257
6.7489087147200 834.1400000000000 -941.4290420049837
6.7490061750800 1497.4700000000000 -941.4841035645190
6.7808301783800 854.2400000000000 -941.4299990518288
6.7850136456800 1517.5799999999999 -941.4855200500256
6.8128581518600 874.3400000000000 -941.4309747203611
6.8210258352400 1537.6800000000001 -941.4869476704641
6.8449867531800 894.4400000000001 -941.4319687152702
6.8570598297200 1557.7800000000000 -941.4883869911071
6.8772265635900 914.5500000000000 -941.4329812561836
6.8931148534800 1577.8800000000001 -941.4898378787077
6.9095404191700 934.6500000000000 -941.4340110545600
6.9291901666400 1597.9800000000000 -941.4913002028179
6.9419395745100 954.7500000000000 -941.4350583347858
6.9652850630200 1618.0799999999999 -941.4927738357094
6.9744195923600 974.8500000000000 -941.4361228288519
7.0013988683400 1638.1800000000001 -941.4942586522997
7.0069763270700 994.9500000000000 -941.4372042752486
7.0375309384300 1658.2800000000000 -941.4957545300689
7.0396059017200 1015.0500000000000 -941.4383024188257
7.0723046874200 1035.1500000000001 -941.4394170106457
7.0736806575800 1678.3800000000001 -941.4972613489963
7.1050692844100 1055.2500000000000 -941.4405478078289
7.1098474370700 1698.4800000000000 -941.4987789914857
7.1378965047700 1075.3499999999999 -941.4416945734073
7.1460487193000 1718.5899999999999 -941.5003081053160
7.1707833567300 1095.4500000000000 -941.4428570761680
7.1786303097000 110.5100000000000 -941.3912730738775
7.1793243740200 130.6100000000000 -941.3914772043451
7.1817891946900 90.4000000000000 -941.3910700775922
7.1822479617300 1738.6900000000001 -941.5018470567450
7.1836473129000 150.7100000000000 -941.3916851360361
7.1883860207700 70.3000000000000 -941.3908726842803
7.1911554672300 170.8100000000000 -941.3919015635533
7.1967459278800 50.2000000000000 -941.3906990445481
7.2013780718300 190.9100000000000 -941.3921311702301
7.2035626691400 30.1000000000000 -941.3905840896620
7.2037434337800 1115.5599999999999 -941.4440356804050
7.2057903120600 10.0000000000000 -941.3905510792349
7.2138912886800 211.0100000000000 -941.3923778913746
7.2184626457900 1758.7900000000000 -941.5033964927759
7.2283375706000 231.1100000000000 -941.3926447821900
7.2367413135400 1135.6600000000001 -941.4452289937170
7.2444235680100 251.2100000000000 -941.3929341043269
7.2546922770400 1778.8900000000001 -941.5049563048607
7.2619111086400 271.3100000000000 -941.3932474700845
7.2697908869700 1155.7600000000000 -941.4464373834969
7.2806070755700 291.4100000000000 -941.3935859840502
7.2909363816500 1798.9900000000000 -941.5065263865587
7.3003643368300 311.5200000000000 -941.3939505511017
7.3028898143700 1175.8599999999999 -941.4476606400536
7.3210343407800 331.6200000000000 -941.3943412341288
7.3271945053400 1819.0899999999999 -941.5081066334811
7.3360358912400 1195.9600000000000 -941.4488985587096
7.3425201123800 351.7200000000000 -941.3947584153641
7.3634662123900 1839.1900000000001 -941.5096969432370
7.3647326715100 371.8200000000000 -941.3952021404646
7.3692270388600 1216.0599999999999 -941.4501509396559
7.3875969556900 391.9200000000000 -941.3956723353714
7.3997510847500 1859.2900000000000 -941.5112972153775
7.4024612957300 1236.1600000000001 -941.4514175878138
7.4110490078300 412.0200000000000 -941.3961688377208
7.4350338110100 432.1200000000000 -941.3966914202701
7.4357368095900 1256.2600000000000 -941.4526983126967
7.4360487210900 1879.3900000000001 -941.5129073513449
7.4595036167600 452.2200000000000 -941.3972398083772
7.4690518301600 1276.3599999999999 -941.4539929282781
7.4723587360800 1899.4900000000000 -941.5145272544232
7.4844166477100 472.3200000000000 -941.3978136930796
7.5024047023300 1296.4600000000000 -941.4553012528629
7.5086988331100 1919.5999999999999 -941.5161576428142
7.5097360838300 492.4200000000000 -941.3984127409228
7.5354421343900 512.5300000000000 -941.3990369178712
7.5358104803000 1316.5699999999999 -941.4566237699373
7.5450325149900 1939.7000000000000 -941.5177968018321
7.5614800844400 532.6300000000000 -941.3996852410405
7.5692344575200 1336.6700000000001 -941.4579589907343
7.5813775074300 1959.8000000000000 -941.5194454483395
7.5878365023100 552.7300000000000 -941.4003576455613
7.6026918316300 1356.7700000000000 -941.4593074000961
7.6144878623600 572.8300000000000 -941.4010537584973
7.6177334815500 1979.9000000000001 -941.5211034925169
7.6361812706100 1376.8699999999999 -941.4606688324167
7.6414128973500 592.9299999999999 -941.4017732056396
7.6541001209700 2000.0000000000000 -941.5227708461609
7.6685923166900 613.0300000000000 -941.4025156134895
7.6697015108100 1396.9700000000000 -941.4620431258240
7.6960085704800 633.1300000000000 -941.4032806107974
7.7032513527300 1417.0699999999999 -941.4634301220675
7.7236456501600 653.2300000000000 -941.4040678297658
7.7368296570600 1437.1700000000001 -941.4648296664135
7.7514889185000 673.3300000000000 -941.4048769069852
7.7704353410700 1457.2700000000000 -941.4662416075412
7.7795249635500 693.4299999999999 -941.4057074841584
7.8040673751700 1477.3699999999999 -941.4676657974447
7.8077555532200 713.5400000000000 -941.4065596376062
7.8361412824100 733.6400000000000 -941.4074321731583
7.8377247797700 1497.4700000000000 -941.4691020913365
7.8646857133900 753.7400000000000 -941.4083251692055
7.8714233854100 1517.5799999999999 -941.4705510710313
7.8933792213900 773.8400000000000 -941.4092382922555
7.9051287892300 1537.6800000000001 -941.4720111567907
7.9222129135600 793.9400000000001 -941.4101712156070
7.9388568959500 1557.7800000000000 -941.4734829304961
7.9511785622100 814.0400000000000 -941.4111236194416
7.9726068985200 1577.8800000000001 -941.4749662593276
7.9802685452600 834.1400000000000 -941.4120951908743
8.0063780270300 1597.9800000000000 -941.4764610132486
8.0094757930600 854.2400000000000 -941.4130856239572
8.0387937406000 874.3400000000000 -941.4140946196587
8.0401695466700 1618.0799999999999 -941.4779670649227
8.0682162847200 894.4400000000001 -941.4151218858105
8.0739807557600 1638.1800000000001 -941.4794842896382
8.0977524563900 914.5500000000000 -941.4161676614855
8.1078109839200 1658.2800000000000 -941.4810125652365
8.1273675871000 934.6500000000000 -941.4172306278355
8.1416595904200 1678.3800000000001 -941.4825517720360
8.1570714051100 954.7500000000000 -941.4183110283503
8.1755259625400 1698.4800000000000 -941.4841017927675
8.1868593036100 974.8500000000000 -941.4194085974208
8.2094263757500 1718.5899999999999 -941.4856632916267
8.2167269779600 994.9500000000000 -941.4205230757885
8.2433265537900 1738.6900000000001 -941.4872346029625
8.2466704021000 1015.0500000000000 -941.4216542104136
8.2766858070800 1035.1500000000001 -941.4228017543376
8.2772428127100 1758.7900000000000 -941.4888163901734
8.3067696615300 1055.2500000000000 -941.4239654665415
8.3111746378700 1778.8900000000001 -941.4904085449865
8.3369186537900 1075.3499999999999 -941.4251451118048
8.3451215360700 1798.9900000000000 -941.4920109612241
8.3671296756300 1095.4500000000000 -941.4263404605595
8.3790830344300 1819.0899999999999 -941.4936235347534
8.3974148813200 1115.5599999999999 -941.4275518949631
8.4130586794000 1839.1900000000001 -941.4952461634256
8.4277414053300 1135.6600000000001 -941.4287779914235
8.4470480358000 1859.2900000000000 -941.4968787470249
8.4581217105100 1155.7600000000000 -941.4300191350397
8.4810506858500 1879.3900000000001 -941.4985211872200
8.4885533652100 1175.8599999999999 -941.4312751174177
8.5150662284100 1899.4900000000000 -941.5001733875091
8.5190340781100 1195.9600000000000 -941.4325457351039
8.5491112105200 1919.5999999999999 -941.5018360823659
8.5495616884600 1216.0599999999999 -941.4338307894445
8.5801341572000 1236.1600000000001 -941.4351300864522
8.5831514029300 1939.7000000000000 -941.5035075251733
8.5926795620400 130.6100000000000 -941.3724573518800
8.5931632727800 150.7100000000000 -941.3727162155326
8.5957381854900 110.5100000000000 -941.3722034272109
8.5968010240300 170.8100000000000 -941.3729839812868
8.6024768452000 90.4000000000000 -941.3719529123246
8.6031536247800 190.9100000000000 -941.3732649150018
8.6107495587200 1256.2600000000000 -941.4364434366736
8.6118139093200 211.0100000000000 -941.3735627316986
8.6123579261400 70.3000000000000 -941.3717118811948
8.6172033759000 1959.8000000000000 -941.5051884490537
8.6224323128400 231.1100000000000 -941.3738803813799
8.6235867107300 50.2000000000000 -941.3715000272392
8.6327459973000 30.1000000000000 -941.3713536989250
8.6347186110700 251.2100000000000 -941.3742200848189
8.6365696695000 10.0000000000000 -941.3712991785220
8.6414060732500 1276.3599999999999 -941.4377706550614
8.6484351395000 271.3100000000000 -941.3745834480682
8.6512667870200 1979.9000000000001 -941.5068787643709
8.6633879435100 291.4100000000000 -941.3749715872304
8.6721019799200 1296.4600000000000 -941.4391115608452
8.6794265741700 311.5200000000000 -941.3753854515014
8.6853413069000 2000.0000000000000 -941.5085783830991
8.6964044540300 331.6200000000000 -941.3758250778826
8.7028509497800 1316.5699999999999 -941.4404666545823
8.7142209852900 351.7200000000000 -941.3762908968704
8.7327854804400 371.8200000000000 -941.3767829769502
8.7336208594000 1336.6700000000001 -941.4418344159409
8.7520212769400 391.9200000000000 -941.3773012654377
8.7644255288100 1356.7700000000000 -941.4432153467538
8.7718629422900 412.0200000000000 -941.3778456196673
8.7922541102500 432.1200000000000 -941.3784158304018
8.7952635727100 1376.8699999999999 -941.4446092821672
8.8131458030000 452.2200000000000 -941.3790116394001
8.8261336768400 1396.9700000000000 -941.4460160610187
8.8344951242400 472.3200000000000 -941.3796327526258
8.8562642351300 492.4200000000000 -941.3802788502118
8.8570345936000 1417.0699999999999 -941.4474355257331
8.8784306587900 512.5300000000000 -941.3809499337985
8.8879651379400 1437.1700000000001 -941.4488675222209
8.9009423516800 532.6300000000000 -941.3816449851747
8.9189241835900 1457.2700000000000 -941.4503118997729
8.9237833425200 552.7300000000000 -941.3823639731918
8.9469293936500 572.8300000000000 -941.3831065344133
8.9499106595100 1477.3699999999999 -941.4517685109648
8.9703585837300 592.9299999999999 -941.3838723033577
8.9809235466500 1497.4700000000000 -941.4532372115634
8.9940510201900 613.0300000000000 -941.3846609145573
9.0119773229900 1517.5799999999999 -941.4547186000253
9.0179885982000 633.1300000000000 -941.3854720041691
9.0421547968700 653.2300000000000 -941.3863052112346
9.0430401801500 1537.6800000000001 -941.4562110648820
9.0665345053000 673.3300000000000 -941.3871601786667
9.0741266732000 1557.7800000000000 -941.4577152046160
9.0911138730300 693.4299999999999 -941.3880365540225
9.1052359624300 1577.8800000000001 -941.4592308868666
9.1158925466000 713.5400000000000 -941.3889344417718
9.1363672467600 1597.9800000000000 -941.4607579820333
9.1408341766700 733.6400000000000 -941.3898526072993
9.1659402571400 753.7400000000000 -941.3907911564355
9.1675197615900 1618.0799999999999 -941.4622963631977
9.1912008375600 773.8400000000000 -941.3917497600409
9.1986927767500 1638.1800000000001 -941.4638459060487
9.2166067219700 793.9400000000001 -941.3927280954620
9.2298855946700 1658.2800000000000 -941.4654064888086
9.2421494003300 814.0400000000000 -941.3937258466544
9.2610975485500 1678.3800000000001 -941.4669779921609
9.2678209873100 834.1400000000000 -941.3947427042500
9.2923280007600 1698.4800000000000 -941.4685602991872
9.2936141676100 854.2400000000000 -941.3957783655841
9.3195221468400 874.3400000000000 -941.3968325346922
9.3235918920300 1718.5899999999999 -941.4701540904732
9.3455386073900 894.4400000000001 -941.3979049222702
9.3548575453400 1738.6900000000001 -941.4717576685713
9.3716706878200 914.5500000000000 -941.3989957924874
9.3861399436000 1758.7900000000000 -941.4733717132494
9.3978869172800 934.6500000000000 -941.4001037841562
9.4174385512000 1778.8900000000001 -941.4749961165259
9.4241951544900 954.7500000000000 -941.4012291655545
9.4487528547800 1798.9900000000000 -941.4766307725087
9.4505906277500 974.8500000000000 -941.4023716732802
9.4770688777200 994.9500000000000 -941.4035310501408
9.4800823621700 1819.0899999999999 -941.4782755773342
9.5036257330600 1015.0500000000000 -941.4047070450412
9.5114266012800 1839.1900000000001 -941.4799304291133
9.5302572883700 1035.1500000000001 -941.4058994128468
9.5427851191100 1859.2900000000000 -941.4815952278813
9.5569598839300 1055.2500000000000 -941.4071079142559
9.5741574808100 1879.3900000000001 -941.4832698755428
9.5837300873700 1075.3499999999999 -941.4083323156626
9.6055432687900 1899.4900000000000 -941.4849542758298
9.6105646767600 1095.4500000000000 -941.4095723890192
9.6369577063700 1919.5999999999999 -941.4866491794505
9.6374740211200 1115.5599999999999 -941.4108285401461
9.6644285113000 1135.6600000000001 -941.4120993023295
9.6683691652600 1939.7000000000000 -941.4883528079682
9.6914388356200 1155.7600000000000 -941.4133850841860
9.6997928929200 1959.8000000000000 -941.4900659107273
9.7185024725300 1175.8599999999999 -941.4146856785258
9.7312285328900 1979.9000000000001 -941.4917883982882
9.7456170457300 1195.9600000000000 -941.4160008830306
9.7626757422400 2000.0000000000000 -941.4935201828173
9.7727803141800 1216.0599999999999 -941.4173305001219
9.7999901628800 1236.1600000000001 -941.4186743368288
9.8272445943100 1256.2600000000000 -941.4200322046602
9.8545417206600 1276.3599999999999 -941.4214039194794
9.8818797565500 1296.4600000000000 -941.4227893013783
9.9092706423800 1316.5699999999999 -941.4241888738461
9.9366855363800 1336.6700000000001 -941.4256010730919
9.9641365333300 1356.7700000000000 -941.4270264238099
9.9916221956200 1376.8699999999999 -941.4284647618435
10.0191411593000 1396.9700000000000 -941.4299159266964
10.0466921296000 1417.0699999999999 -941.4313797614260
10.0742738764000 1437.1700000000001 -941.4328561125445
10.1018852307000 1457.2700000000000 -941.4343448299146
10.1295250808000 1477.3699999999999 -941.4358457666572
10.1571923688000 1497.4700000000000 -941.4373587790591
10.1848998719000 1517.5799999999999 -941.4388844881079
10.2126190744000 1537.6800000000001 -941.4404212387302
10.2403628336000 1557.7800000000000 -941.4419696518989
10.2681302776000 1577.8800000000001 -941.4435295956841
10.2959205745000 1597.9800000000000 -941.4451009408995
10.3237329306000 1618.0799999999999 -941.4466835610147
10.3515665876000 1638.1800000000001 -941.4482773320955
10.3794208211000 1658.2800000000000 -941.4498821327235
10.4072949387000 1678.3800000000001 -941.4514978439254
10.4351882782000 1698.4800000000000 -941.4531243491112
10.4631140971000 1718.5899999999999 -941.4547623511631
10.4910440157000 1738.6900000000001 -941.4564101089680
10.5189913353000 1758.7900000000000 -941.4580683245657
10.5469554994000 1778.8900000000001 -941.4597368902555
10.5749359750000 1798.9900000000000 -941.4614157004087
10.6029322507000 1819.0899999999999 -941.4631046514187
10.6309438364000 1839.1900000000001 -941.4648036416372
10.6589702613000 1859.2900000000000 -941.4665125713383
10.6870110739000 1879.3900000000001 -941.4682313426505
10.7150658402000 1899.4900000000000 -941.4699598595246
10.7431481113000 1919.5999999999999 -941.4716988948173
10.7712295577000 1939.7000000000000 -941.4734466264061
10.7993237555000 1959.8000000000000 -941.4752038257714
10.8274303343000 1979.9000000000001 -941.4769704036634
10.8555489379000 2000.0000000000000 -941.4787462724225
